78 95
14 20
25 84
8 17
30 86
2 74
32 62
12 66
18 41
57 98
7 70
19 47
10 24
65 79
65 85
55 79
44 75
27 93
0 2
30 45
47 88
4 50
16 79
16 19
14 34
41 76
84 95
8 87
5 52
87 90
17 42
61 69
18 62
18 88
33 64
48 52
52 79
2 58
18 68
1 77
32 53
16 42
30 49
24 54
11 82
44 99
13 54
60 71
48 75
40 89
36 81
60 92
88 94
18 56
13 95
45 57
48 99
60 97
29 85
11 51
95 96
10 50
7 70
21 83
10 17
22 98
14 46
34 58
8 76
20 90
47 71
20 65
26 46
17 75
10 68
6 86
62 95
56 70
65 76
52 82
74 86
32 80
38 88
66 96
14 56
17 86
2 82
5 48
7 22
17 24
9 89
24 52
5 79
21 69
56 74
41 52
32 48
36 73
39 70
32 85
49 95
70 97
31 76
38 46
69 97
55 87
78 79
39 83
58 60
14 52
4 34
55 82
29 36
7 18
50 68
62 91
62 99
30 60
5 37
35 68
23 74
21 53
2 60
36 60
20 88
54 74
29 92
28 36
54 58
26 34
4 26
3 88
48 88
25 33
1 53
27 59
25 81
27 80
16 41
61 87
3 61
15 95
50 91
23 49
4 57
8 75
63 83
11 70
11 45
64 95
46 55
71 91
35 71
76 97
85 87
37 90
46 52
37 85
2 8
6 86
61 65
14 48
24 25
19 34
14 70
16 98
69 89
4 86
60 84
47 81
18 68
14 37
23 69
52 71
31 38
77 96
91 98
22 45
16 63
56 86
54 78
1 47
44 87
4 51
32 71
39 51
49 89
19 54
5 11
42 90
43 67
38 41
58 83
63 74
20 46
24 60
61 74
18 70
21 49
20 22
53 73
2 59
13 62
21 73
11 18
15 61
53 78
2 36
35 65
10 81
70 85
5 59
31 75
77 80
96 99
49 99
58 72
34 51
71 71
7 88
22 82
49 60
51 74
10 96
6 17
2 91
76 96
7 61
38 71
67 86
37 85
10 15
43 66
14 44
37 51
2 19
51 72
47 79
2 75
19 56
47 81
20 56
43 81
13 63
20 49
57 80
34 95
67 77
10 61
91 99
61 93
18 33
44 97
46 80
36 72
53 65
84 85
9 26
67 72
40 87
20 20
44 55
10 15
32 76
21 23
75 82
16 92
15 60
90 95
6 62
32 71
14 15
23 57
23 42
81 95
10 15
1 54
16 69
1 64
85 92
24 66
40 66
59 81
0 48
6 77
8 10
24 78
24 34
47 65
41 57
47 67
48 56
21 26
63 85
27 55
51 70
21 36
80 91
17 91
28 94
38 98
2 75
26 61
8 9
67 92
38 49
6 34
55 86
31 49
40 58
5 9
9 26
1 45
5 63
33 92
57 89
59 71
32 64
73 85
40 77
40 90
15 74
1 95
27 29
51 69
55 85
78 94
24 81
86 95
87 87
20 43
76 91
3 40
23 88
14 63
54 65
53 80
28 48
57 82
32 75
26 60
4 88
54 69
28 49
15 55
35 75
11 58
61 66
52 89
49 65
14 52
5 19
47 94
53 76
4 28
8 30
87 96
35 41
63 65
20 90
25 78
36 95
37 60
88 97
46 49
1 53
60 73
5 54
20 58
24 29
38 86
54 74
33 89
15 98
5 52
18 30
12 31
65 67
62 73
21 55
8 9
22 67
27 81
1 21
51 86
25 72
79 88
22 46
61 68
20 20
37 66
49 96
15 50
22 64
19 77
44 85
28 66
9 52
74 93
10 79
24 35
12 51
14 97
34 82
54 57
2 23
51 91
20 41
66 83
43 63
2 7
28 30
73 80
39 66
49 54
45 78
84 96
90 99
24 93
50 81
78 83
69 73
34 93
10 100
73 76
42 78
70 80
8 52
47 50
4 18
64 97
81 82
60 72
53 80
61 96
3 74
44 76
43 78
52 70
46 77
20 25
5 24
33 90
40 57
75 80
44 77
25 39
58 99
38 97
52 93
55 99
43 67
10 31
1 20
63 98
47 88
18 71
7 93
4 50
47 84
25 91
61 64
16 19
14 63
15 57
7 56
70 74
1 98
19 85
2 48
16 49
34 35
20 28
23 41
78 89
2 7
68 80
67 96
30 87
10 44
17 45
14 99
91 98
15 76
16 17
24 33
59 66
67 85
8 87
9 65
16 97
67 76
34 84
71 73
63 82
8 14
14 99
22 91
11 37
27 67
