78.12 94.67
14.25 20.41
24.88 83.66
8.41 17.50
29.51 86.11
2.03 74.47
31.87 61.99
11.56 66.14
18.11 40.60
57.08 97.59
6.98 70.10
18.97 46.55
10.06 24.46
64.57 78.99
65.38 84.53
54.95 79.20
43.51 75.36
27.17 93.46
0.23 1.87
29.74 44.67
46.70 87.98
4.22 49.97
15.78 78.57
16.11 19.17
13.69 33.88
40.87 76.25
83.80 95.22
8.25 87.41
5.28 51.98
87.24 89.81
17.36 42.19
60.87 69.01
17.54 62.47
17.78 88.03
32.70 64.34
47.52 52.32
51.74 79.39
2.29 57.96
18.39 67.51
1.39 77.13
32.09 53.38
15.88 42.26
29.67 48.61
24.14 53.88
11.38 81.65
43.69 99.01
12.70 53.56
59.88 71.11
47.91 75.17
39.51 88.88
36.40 80.61
60.00 91.82
88.14 94.11
17.97 55.65
12.50 95.10
44.59 57.05
48.48 99.31
60.47 97.09
28.98 84.61
10.63 50.97
94.67 95.99
9.65 49.55
7.37 69.53
20.65 82.54
9.53 17.44
22.05 98.05
13.87 45.93
34.07 58.05
7.98 76.01
20.49 89.72
46.77 71.11
19.60 65.08
25.55 46.08
16.69 75.06
10.16 67.66
6.14 85.69
62.33 95.34
55.69 69.70
64.87 76.34
52.24 82.30
74.29 85.88
31.81 80.35
38.40 88.17
65.88 96.15
14.41 55.60
16.63 85.52
2.37 81.71
5.12 48.45
7.26 21.80
17.42 23.51
9.20 89.46
23.56 51.79
4.54 79.25
21.49 69.41
55.60 73.73
41.48 51.72
32.07 48.03
36.19 73.29
39.17 70.46
32.34 84.87
48.97 94.77
70.40 97.15
30.68 75.51
37.94 45.60
69.11 97.32
55.36 86.78
78.31 78.93
38.57 82.86
58.18 60.06
13.78 52.27
3.99 33.80
55.26 81.82
28.54 36.05
6.51 18.01
50.35 67.71
62.48 91.39
61.78 99.33
30.01 59.63
5.23 37.30
34.61 67.95
23.32 74.34
21.39 52.65
2.24 59.96
35.51 60.42
20.03 87.78
53.82 74.20
29.46 91.77
27.82 35.65
53.66 58.00
25.71 34.33
4.01 25.72
3.34 88.20
47.83 87.50
24.80 33.35
1.30 53.06
27.40 59.41
24.62 80.80
26.86 80.05
15.56 40.76
60.79 87.29
3.35 61.49
14.62 95.11
50.26 90.95
22.93 48.95
3.92 57.27
7.93 74.67
62.87 82.99
11.27 70.49
10.69 44.62
63.75 95.29
45.92 54.70
70.54 91.15
35.50 71.20
76.26 97.41
84.69 86.77
37.05 90.11
46.18 51.67
37.14 85.23
1.93 8.16
5.85 86.09
60.76 65.43
13.79 48.42
23.62 25.06
18.91 34.32
14.20 69.68
15.61 98.07
68.89 89.22
4.39 86.15
60.43 83.56
47.20 80.65
17.71 68.25
14.43 37.31
22.54 69.38
51.57 71.31
30.70 37.66
77.17 96.13
90.95 98.42
22.04 44.55
16.01 63.45
56.36 85.70
54.43 77.65
1.30 46.54
43.65 87.45
4.08 50.93
31.59 71.01
39.26 51.28
49.30 88.59
18.68 53.69
5.26 11.13
41.83 89.99
42.92 67.15
37.96 41.34
58.11 82.51
63.38 74.12
19.74 45.97
23.62 59.82
61.12 74.17
17.83 70.16
21.09 48.58
19.59 21.91
52.68 73.19
1.98 58.84
12.54 61.78
20.66 72.91
10.64 17.80
14.74 60.72
52.70 77.80
2.06 35.91
35.21 65.44
10.03 81.18
69.85 85.18
4.79 59.36
30.97 74.95
77.18 79.55
96.04 99.09
48.72 99.13
57.97 72.28
34.05 50.70
70.51 71.36
6.96 88.31
21.70 82.00
49.03 59.80
51.09 74.40
9.62 95.71
5.74 16.53
1.72 90.80
75.59 95.59
6.56 61.07
38.26 70.54
66.59 86.10
37.35 85.23
9.62 15.31
43.21 66.01
13.72 43.68
37.37 50.64
2.03 19.37
51.06 72.34
46.75 79.17
2.15 74.88
18.69 56.36
47.16 80.62
20.40 56.20
42.75 81.48
13.29 62.76
19.73 48.86
57.08 79.88
34.09 95.19
66.70 77.30
10.38 61.20
91.02 98.57
61.02 93.05
17.94 33.36
44.11 97.11
46.26 80.11
36.47 71.99
52.60 64.95
83.64 85.35
8.81 26.39
66.83 71.57
39.68 86.56
19.56 20.43
43.64 54.53
10.34 14.74
31.83 75.94
20.72 22.85
74.51 81.74
15.89 92.44
15.10 60.00
89.55 95.21
6.26 61.54
31.69 71.21
14.14 15.32
22.95 56.56
23.39 41.71
81.39 94.52
9.94 14.95
0.94 53.58
15.69 69.47
1.30 63.92
84.63 91.63
24.15 66.14
40.04 66.37
58.58 81.47
0.04 48.13
6.31 76.69
8.37 9.66
23.80 77.52
23.69 34.08
46.75 65.40
41.27 57.47
46.79 67.41
47.73 56.22
20.99 25.69
63.42 84.91
26.99 55.04
51.14 69.54
21.18 35.91
79.76 91.18
17.39 91.22
27.89 94.08
37.55 97.53
2.45 75.05
26.14 61.35
8.10 9.13
66.59 91.54
38.33 49.37
5.58 34.01
55.00 86.05
31.27 49.47
39.90 58.26
4.51 9.44
9.40 25.69
0.58 45.36
5.45 62.75
33.34 91.79
56.82 89.32
59.27 70.89
32.24 64.37
73.49 85.41
40.34 76.95
40.09 89.71
15.27 74.09
1.33 95.30
26.57 29.09
50.80 68.99
55.31 84.83
78.44 94.23
23.80 81.00
86.45 94.81
86.55 86.60
19.79 43.37
75.92 90.67
2.64 40.29
22.91 88.05
13.78 63.25
53.87 65.00
52.96 80.27
27.96 48.26
57.05 81.60
32.40 74.83
26.04 59.66
4.48 87.71
53.89 68.71
28.27 48.70
14.82 55.16
35.31 74.94
11.23 58.19
60.83 65.62
51.52 88.53
48.88 65.30
13.87 51.78
4.75 19.16
47.12 94.15
53.01 75.75
4.17 27.83
8.15 30.21
87.50 95.85
34.69 41.39
62.96 64.56
19.72 90.09
25.40 77.78
35.96 94.66
36.63 60.28
88.14 96.79
45.67 48.81
0.60 53.44
59.54 72.60
5.34 53.69
19.73 58.35
23.90 29.43
37.58 86.18
54.11 73.68
33.43 88.80
15.07 97.99
5.17 51.76
17.71 29.53
12.38 30.57
65.50 67.19
62.29 72.66
21.47 55.34
7.95 8.78
22.07 67.49
27.41 81.38
1.10 21.18
50.61 85.76
25.00 71.94
79.11 88.19
21.63 45.62
60.69 67.90
19.62 19.66
37.33 65.86
49.19 96.42
14.69 49.71
22.37 63.62
18.95 76.97
43.84 84.92
27.73 65.91
9.11 52.41
73.59 93.32
10.21 79.08
24.20 35.21
12.39 51.02
14.32 96.65
34.02 82.22
53.64 57.34
1.88 23.20
51.07 90.97
19.63 40.69
65.75 83.24
42.72 63.06
2.20 6.90
27.65 29.93
72.81 80.06
39.03 66.13
49.24 53.65
45.21 77.85
84.45 96.24
90.25 98.77
24.27 92.89
50.23 80.99
77.91 82.86
68.88 73.43
33.93 93.06
9.56 99.68
72.62 76.30
42.41 78.50
70.05 79.52
8.42 52.33
47.46 50.12
3.77 18.47
63.68 96.70
81.15 81.62
59.92 71.87
52.80 79.92
60.91 96.14
3.03 74.04
43.77 76.46
42.92 77.70
52.49 69.52
45.82 77.39
19.79 25.11
4.63 24.31
32.74 89.85
39.96 56.96
75.43 80.19
43.73 76.89
25.36 39.11
58.04 99.03
37.97 97.23
51.83 93.36
54.86 98.88
42.65 67.40
10.33 31.33
0.84 20.35
62.81 97.74
46.66 87.92
17.53 70.97
7.38 92.55
3.71 49.51
47.35 83.90
24.94 91.08
60.79 64.05
16.43 18.83
13.66 63.08
14.91 56.80
7.02 55.68
69.77 74.43
1.10 98.33
18.68 84.75
1.94 47.56
16.42 48.60
33.96 35.48
19.57 28.03
23.28 41.34
77.54 88.68
2.48 7.17
67.96 79.76
66.53 96.19
29.61 86.80
9.85 43.60
16.88 44.51
14.28 99.27
91.30 97.60
15.38 76.05
16.28 17.32
23.62 32.71
59.10 65.92
66.66 85.48
8.00 87.13
8.76 64.67
15.93 96.68
67.15 76.44
33.68 83.90
70.69 72.64
63.29 82.49
7.80 14.29
13.56 99.37
22.09 90.67
11.17 37.47
27.45 66.73
