78.1249 94.6734
14.2523 20.4079
24.8765 83.6620
8.4124 17.4989
29.5121 86.1134
2.0302 74.4730
31.8713 61.9875
11.5585 66.1386
18.1053 40.6035
57.0807 97.5852
6.9847 70.1036
18.9699 46.5467
10.0564 24.4569
64.5668 78.9854
65.3802 84.5300
54.9481 79.2034
43.5051 75.3560
27.1672 93.4557
0.2325 1.8682
29.7446 44.6661
46.6963 87.9816
4.2176 49.9691
15.7761 78.5676
16.1077 19.1711
13.6929 33.8814
40.8661 76.2518
83.7965 95.2217
8.2534 87.4128
5.2781 51.9796
87.2388 89.8080
17.3598 42.1869
60.8650 69.0114
17.5429 62.4672
17.7754 88.0321
32.6982 64.3353
47.5200 52.3170
51.7375 79.3946
2.2861 57.9622
18.3937 67.5136
1.3950 77.1332
32.0866 53.3850
15.8831 42.2610
29.6738 48.6066
24.1365 53.8847
11.3753 81.6534
43.6927 99.0132
12.7041 53.5622
59.8782 71.1051
47.9103 75.1713
39.5066 88.8805
36.4005 80.6085
60.0031 91.8236
88.1380 94.1096
17.9653 55.6516
12.5034 95.0985
44.5900 57.0466
48.4835 99.3076
60.4732 97.0901
28.9814 84.6097
10.6348 50.9748
94.6675 95.9851
9.6480 49.5473
7.3717 69.5262
20.6525 82.5429
9.5330 17.4365
22.0496 98.0450
13.8732 45.9334
34.0714 58.0481
7.9828 76.0134
20.4862 89.7230
46.7696 71.1119
19.5954 65.0763
25.5494 46.0772
16.6855 75.0585
10.1592 67.6604
6.1442 85.6933
62.3279 95.3413
55.6916 69.6996
64.8675 76.3440
52.2425 82.3039
74.2921 85.8770
31.8104 80.3489
38.3971 88.1652
65.8819 96.1481
14.4105 55.6049
16.6343 85.5224
2.3745 81.7105
5.1179 48.4517
7.2600 21.8034
17.4191 23.5102
9.2035 89.4638
23.5634 51.7917
4.5449 79.2549
21.4912 69.4123
55.5989 73.7337
41.4759 51.7162
32.0652 48.0258
36.1910 73.2863
39.1682 70.4623
32.3391 84.8728
48.9734 94.7731
70.3952 97.1476
30.6839 75.5131
37.9438 45.5993
69.1096 97.3165
55.3630 86.7802
78.3131 78.9263
38.5719 82.8580
58.1812 60.0631
13.7801 52.2703
3.9865 33.7968
55.2561 81.8226
28.5424 36.0517
6.5140 18.0136
50.3527 67.7106
62.4837 91.3868
61.7820 99.3261
30.0100 59.6313
5.2306 37.2951
34.6116 67.9538
23.3168 74.3402
21.3918 52.6533
2.2431 59.9637
35.5113 60.4243
20.0268 87.7816
53.8237 74.2045
29.4605 91.7681
27.8198 35.6463
53.6599 58.0029
25.7135 34.3338
4.0127 25.7206
3.3388 88.1972
47.8285 87.5026
24.7977 33.3487
1.3026 53.0591
27.3994 59.4093
24.6193 80.8011
26.8624 80.0527
15.5640 40.7649
60.7917 87.2868
3.3456 61.4912
14.6154 95.1137
50.2616 90.9518
22.9335 48.9547
3.9215 57.2673
7.9342 74.6681
62.8653 82.9878
11.2730 70.4904
10.6938 44.6217
63.7530 95.2881
45.9243 54.6973
70.5436 91.1523
35.4985 71.2050
76.2633 97.4061
84.6928 86.7690
37.0550 90.1146
46.1841 51.6704
37.1358 85.2283
1.9320 8.1618
5.8536 86.0905
60.7586 65.4290
13.7878 48.4168
23.6239 25.0608
18.9072 34.3177
14.1953 69.6825
15.6067 98.0707
68.8926 89.2230
4.3911 86.1504
60.4280 83.5564
47.1971 80.6544
17.7094 68.2493
14.4333 37.3117
22.5400 69.3798
51.5692 71.3119
30.7017 37.6596
77.1654 96.1307
90.9532 98.4183
22.0422 44.5476
16.0140 63.4548
56.3600 85.6965
54.4307 77.6501
1.3032 46.5427
43.6537 87.4536
4.0817 50.9338
31.5882 71.0100
39.2593 51.2788
49.2977 88.5905
18.6775 53.6926
5.2618 11.1304
41.8322 89.9894
42.9214 67.1548
37.9629 41.3397
58.1080 82.5105
63.3819 74.1220
19.7419 45.9653
23.6153 59.8185
61.1217 74.1725
17.8262 70.1581
21.0919 48.5753
19.5853 21.9079
52.6801 73.1867
1.9778 58.8445
12.5372 61.7772
20.6553 72.9077
10.6447 17.7989
14.7398 60.7203
52.7027 77.7995
2.0600 35.9076
35.2132 65.4419
10.0296 81.1784
69.8481 85.1838
4.7937 59.3563
30.9698 74.9518
77.1826 79.5450
96.0437 99.0905
48.7238 99.1303
57.9749 72.2773
34.0545 50.7016
70.5120 71.3570
6.9621 88.3109
21.7019 82.0017
49.0313 59.8012
51.0913 74.4046
9.6178 95.7088
5.7384 16.5333
1.7171 90.7962
75.5865 95.5899
6.5563 61.0734
38.2560 70.5417
66.5854 86.1014
37.3465 85.2317
9.6237 15.3092
43.2066 66.0109
13.7186 43.6782
37.3678 50.6403
2.0295 19.3695
51.0608 72.3423
46.7469 79.1708
2.1521 74.8796
18.6854 56.3647
47.1609 80.6181
20.4025 56.2046
42.7508 81.4759
13.2925 62.7609
19.7319 48.8623
57.0783 79.8779
34.0940 95.1872
66.7021 77.3005
10.3803 61.1980
91.0191 98.5659
61.0206 93.0486
17.9354 33.3629
44.1094 97.1062
46.2616 80.1098
36.4745 71.9858
52.6039 64.9470
83.6354 85.3494
8.8085 26.3862
66.8253 71.5694
39.6787 86.5571
19.5566 20.4317
43.6355 54.5257
10.3376 14.7438
31.8262 75.9418
20.7179 22.8453
74.5077 81.7385
15.8939 92.4431
15.1014 60.0033
89.5493 95.2112
6.2649 61.5351
31.6858 71.2118
14.1390 15.3211
22.9475 56.5613
23.3866 41.7073
81.3860 94.5169
9.9437 14.9486
0.9426 53.5792
15.6864 69.4742
1.3004 63.9167
84.6346 91.6283
24.1457 66.1359
40.0396 66.3731
58.5790 81.4745
0.0430 48.1283
6.3079 76.6858
8.3715 9.6634
23.8024 77.5197
23.6927 34.0810
46.7499 65.4000
41.2668 57.4675
46.7860 67.4112
47.7286 56.2154
20.9904 25.6896
63.4151 84.9071
26.9900 55.0433
51.1357 69.5417
21.1793 35.9148
79.7583 91.1754
17.3893 91.2183
27.8866 94.0751
37.5501 97.5262
2.4466 75.0459
26.1393 61.3525
8.1024 9.1269
66.5944 91.5392
38.3252 49.3692
5.5846 34.0056
54.9960 86.0538
31.2742 49.4689
39.9031 58.2642
4.5122 9.4448
9.3999 25.6915
0.5753 45.3596
5.4498 62.7489
33.3364 91.7936
56.8240 89.3198
59.2706 70.8864
32.2389 64.3657
73.4926 85.4099
40.3413 76.9491
40.0869 89.7105
15.2743 74.0925
1.3281 95.2950
26.5692 29.0885
50.7970 68.9916
55.3091 84.8334
78.4364 94.2333
23.7960 81.0006
86.4504 94.8086
86.5450 86.6022
19.7867 43.3690
75.9221 90.6732
2.6396 40.2878
22.9121 88.0495
13.7803 63.2534
53.8673 64.9986
52.9639 80.2729
27.9598 48.2589
57.0483 81.6010
32.3980 74.8281
26.0400 59.6615
4.4764 87.7071
53.8948 68.7077
28.2724 48.7035
14.8174 55.1581
35.3057 74.9448
11.2278 58.1864
60.8260 65.6180
51.5155 88.5301
48.8755 65.2958
13.8741 51.7835
4.7474 19.1631
47.1229 94.1471
53.0064 75.7481
4.1712 27.8345
8.1461 30.2112
87.4960 95.8532
34.6876 41.3909
62.9600 64.5610
19.7191 90.0944
25.4001 77.7774
35.9637 94.6639
36.6278 60.2819
88.1433 96.7897
45.6652 48.8121
0.5956 53.4392
59.5393 72.6023
5.3430 53.6863
19.7252 58.3493
23.8964 29.4344
37.5805 86.1838
54.1076 73.6799
33.4338 88.7952
15.0708 97.9948
5.1651 51.7552
17.7139 29.5326
12.3778 30.5652
65.4963 67.1930
62.2860 72.6597
21.4718 55.3363
7.9511 8.7755
22.0674 67.4904
27.4104 81.3778
1.1029 21.1767
50.6112 85.7597
24.9994 71.9435
79.1070 88.1917
21.6255 45.6234
60.6942 67.9022
19.6203 19.6574
37.3342 65.8593
49.1900 96.4245
14.6863 49.7120
22.3717 63.6175
18.9538 76.9723
43.8435 84.9234
27.7293 65.9109
9.1070 52.4138
73.5905 93.3212
10.2100 79.0809
24.2017 35.2093
12.3934 51.0245
14.3164 96.6479
34.0190 82.2186
53.6393 57.3421
1.8760 23.2014
51.0660 90.9734
19.6259 40.6854
65.7523 83.2434
42.7246 63.0571
2.1972 6.9006
27.6480 29.9266
72.8115 80.0617
39.0336 66.1327
49.2436 53.6523
45.2136 77.8540
84.4529 96.2381
90.2474 98.7693
24.2664 92.8860
50.2281 80.9879
77.9056 82.8639
68.8791 73.4296
33.9299 93.0555
9.5644 99.6822
72.6215 76.2989
42.4068 78.4962
70.0548 79.5221
8.4228 52.3336
47.4564 50.1165
3.7687 18.4663
63.6799 96.6999
81.1529 81.6227
59.9180 71.8701
52.8041 79.9222
60.9101 96.1365
3.0322 74.0422
43.7739 76.4618
42.9212 77.7039
52.4857 69.5173
45.8163 77.3861
19.7929 25.1072
4.6293 24.3125
32.7352 89.8477
39.9642 56.9629
75.4292 80.1916
43.7329 76.8915
25.3557 39.1091
58.0444 99.0271
37.9666 97.2258
51.8312 93.3623
54.8634 98.8766
42.6506 67.4045
10.3257 31.3252
0.8425 20.3544
62.8114 97.7405
46.6588 87.9186
17.5334 70.9712
7.3811 92.5479
3.7064 49.5108
47.3453 83.8980
24.9400 91.0782
60.7895 64.0491
16.4339 18.8339
13.6597 63.0762
14.9074 56.8005
7.0220 55.6771
69.7709 74.4265
1.0961 98.3277
18.6821 84.7522
1.9386 47.5635
16.4226 48.5974
33.9561 35.4821
19.5686 28.0300
23.2751 41.3372
77.5407 88.6825
2.4807 7.1731
67.9626 79.7607
66.5297 96.1946
29.6060 86.7965
9.8543 43.5970
16.8763 44.5134
14.2842 99.2742
91.3028 97.6018
15.3803 76.0549
16.2840 17.3189
23.6185 32.7066
59.1006 65.9163
66.6627 85.4850
7.9999 87.1305
8.7600 64.6712
15.9332 96.6824
67.1519 76.4431
33.6817 83.8958
70.6923 72.6377
63.2876 82.4920
7.8010 14.2894
13.5635 99.3683
22.0852 90.6711
11.1653 37.4655
27.4493 66.7260
