78.124900 94.673400
14.252300 20.407900
24.876500 83.662000
8.412450 17.498900
29.512100 86.113400
2.030220 74.473000
31.871300 61.987500
11.558500 66.138600
18.105300 40.603500
57.080700 97.585200
6.984680 70.103600
18.969900 46.546700
10.056400 24.456900
64.566800 78.985400
65.380200 84.530000
54.948100 79.203400
43.505100 75.356000
27.167200 93.455700
0.232467 1.868190
29.744600 44.666100
46.696300 87.981600
4.217560 49.969100
15.776100 78.567600
16.107700 19.171100
13.692900 33.881400
40.866100 76.251800
83.796500 95.221700
8.253380 87.412800
5.278050 51.979600
87.238800 89.808000
17.359800 42.186900
60.865000 69.011400
17.542900 62.467200
17.775400 88.032100
32.698200 64.335300
47.520000 52.317000
51.737500 79.394600
2.286060 57.962200
18.393700 67.513600
1.394960 77.133200
32.086600 53.385000
15.883100 42.261000
29.673800 48.606600
24.136500 53.884700
11.375300 81.653400
43.692700 99.013200
12.704100 53.562200
59.878200 71.105100
47.910300 75.171300
39.506600 88.880500
36.400500 80.608500
60.003100 91.823600
88.138000 94.109600
17.965300 55.651600
12.503400 95.098500
44.590000 57.046600
48.483500 99.307600
60.473200 97.090100
28.981400 84.609700
10.634800 50.974800
94.667500 95.985100
9.647990 49.547300
7.371660 69.526200
20.652500 82.542900
9.532970 17.436500
22.049600 98.045000
13.873200 45.933400
34.071400 58.048100
7.982810 76.013400
20.486200 89.723000
46.769600 71.111900
19.595400 65.076300
25.549400 46.077200
16.685500 75.058500
10.159200 67.660400
6.144230 85.693300
62.327900 95.341300
55.691600 69.699600
64.867500 76.344000
52.242500 82.303900
74.292100 85.877000
31.810400 80.348900
38.397100 88.165200
65.881900 96.148100
14.410500 55.604900
16.634300 85.522400
2.374520 81.710500
5.117860 48.451700
7.259960 21.803400
17.419100 23.510200
9.203550 89.463800
23.563400 51.791700
4.544850 79.254900
21.491200 69.412300
55.598900 73.733700
41.475900 51.716200
32.065200 48.025800
36.191000 73.286300
39.168200 70.462300
32.339100 84.872800
48.973400 94.773100
70.395200 97.147600
30.683900 75.513100
37.943800 45.599300
69.109600 97.316500
55.363000 86.780200
78.313100 78.926300
38.571900 82.858000
58.181200 60.063100
13.780100 52.270300
3.986520 33.796800
55.256100 81.822600
28.542400 36.051700
6.513980 18.013600
50.352700 67.710600
62.483700 91.386800
61.782000 99.326100
30.010000 59.631300
5.230650 37.295100
34.611600 67.953800
23.316800 74.340200
21.391800 52.653300
2.243100 59.963700
35.511300 60.424300
20.026800 87.781600
53.823700 74.204500
29.460500 91.768100
27.819800 35.646300
53.659900 58.002900
25.713500 34.333800
4.012660 25.720600
3.338760 88.197200
47.828500 87.502600
24.797700 33.348700
1.302560 53.059100
27.399400 59.409300
24.619300 80.801100
26.862400 80.052700
15.564000 40.764900
60.791700 87.286800
3.345580 61.491200
14.615400 95.113700
50.261600 90.951800
22.933500 48.954700
3.921550 57.267300
7.934210 74.668100
62.865300 82.987800
11.273000 70.490400
10.693800 44.621700
63.753000 95.288100
45.924300 54.697300
70.543600 91.152300
35.498500 71.205000
76.263300 97.406100
84.692800 86.769000
37.055000 90.114600
46.184100 51.670400
37.135800 85.228300
1.932020 8.161760
5.853580 86.090500
60.758600 65.429000
13.787800 48.416800
23.623900 25.060800
18.907200 34.317700
14.195300 69.682500
15.606700 98.070700
68.892600 89.223000
4.391100 86.150400
60.428000 83.556400
47.197100 80.654400
17.709400 68.249300
14.433300 37.311700
22.540000 69.379800
51.569200 71.311900
30.701700 37.659600
77.165400 96.130700
90.953200 98.418300
22.042200 44.547600
16.014000 63.454800
56.360000 85.696500
54.430700 77.650100
1.303200 46.542700
43.653700 87.453600
4.081730 50.933800
31.588200 71.010000
39.259300 51.278800
49.297700 88.590500
18.677500 53.692600
5.261770 11.130400
41.832200 89.989400
42.921400 67.154800
37.962900 41.339700
58.108000 82.510500
63.381900 74.122000
19.741900 45.965300
23.615300 59.818500
61.121700 74.172500
17.826200 70.158100
21.091900 48.575300
19.585300 21.907900
52.680100 73.186700
1.977820 58.844500
12.537200 61.777200
20.655300 72.907700
10.644700 17.798900
14.739800 60.720300
52.702700 77.799500
2.060030 35.907600
35.213200 65.441900
10.029600 81.178400
69.848100 85.183800
4.793740 59.356300
30.969800 74.951800
77.182600 79.545000
96.043700 99.090500
48.723800 99.130300
57.974900 72.277300
34.054500 50.701600
70.512000 71.357000
6.962130 88.310900
21.701900 82.001700
49.031300 59.801200
51.091300 74.404600
9.617780 95.708800
5.738440 16.533300
1.717070 90.796200
75.586500 95.589900
6.556320 61.073400
38.256000 70.541700
66.585400 86.101400
37.346500 85.231700
9.623740 15.309200
43.206600 66.010900
13.718600 43.678200
37.367800 50.640300
2.029520 19.369500
51.060800 72.342300
46.746900 79.170800
2.152130 74.879600
18.685400 56.364700
47.160900 80.618100
20.402500 56.204600
42.750800 81.475900
13.292500 62.760900
19.731900 48.862300
57.078300 79.877900
34.094000 95.187200
66.702100 77.300500
10.380300 61.198000
91.019100 98.565900
61.020600 93.048600
17.935400 33.362900
44.109400 97.106200
46.261600 80.109800
36.474500 71.985800
52.603900 64.947000
83.635400 85.349400
8.808480 26.386200
66.825300 71.569400
39.678700 86.557100
19.556600 20.431700
43.635500 54.525700
10.337600 14.743800
31.826200 75.941800
20.717900 22.845300
74.507700 81.738500
15.893900 92.443100
15.101400 60.003300
89.549300 95.211200
6.264900 61.535100
31.685800 71.211800
14.139000 15.321100
22.947500 56.561300
23.386600 41.707300
81.386000 94.516900
9.943690 14.948600
0.942647 53.579200
15.686400 69.474200
1.300430 63.916700
84.634600 91.628300
24.145700 66.135900
40.039600 66.373100
58.579000 81.474500
0.042960 48.128300
6.307860 76.685800
8.371520 9.663430
23.802400 77.519700
23.692700 34.081000
46.749900 65.400000
41.266800 57.467500
46.786000 67.411200
47.728600 56.215400
20.990400 25.689600
63.415100 84.907100
26.990000 55.043300
51.135700 69.541700
21.179300 35.914800
79.758300 91.175400
17.389300 91.218300
27.886600 94.075100
37.550100 97.526200
2.446610 75.045900
26.139300 61.352500
8.102390 9.126860
66.594400 91.539200
38.325200 49.369200
5.584550 34.005600
54.996000 86.053800
31.274200 49.468900
39.903100 58.264200
4.512180 9.444800
9.399930 25.691500
0.575298 45.359600
5.449760 62.748900
33.336400 91.793600
56.824000 89.319800
59.270600 70.886400
32.238900 64.365700
73.492600 85.409900
40.341300 76.949100
40.086900 89.710500
15.274300 74.092500
1.328100 95.295000
26.569200 29.088500
50.797000 68.991600
55.309100 84.833400
78.436400 94.233300
23.796000 81.000600
86.450400 94.808600
86.545000 86.602200
19.786700 43.369000
75.922100 90.673200
2.639620 40.287800
22.912100 88.049500
13.780300 63.253400
53.867300 64.998600
52.963900 80.272900
27.959800 48.258900
57.048300 81.601000
32.398000 74.828100
26.040000 59.661500
4.476380 87.707100
53.894800 68.707700
28.272400 48.703500
14.817400 55.158100
35.305700 74.944800
11.227800 58.186400
60.826000 65.618000
51.515500 88.530100
48.875500 65.295800
13.874100 51.783500
4.747410 19.163100
47.122900 94.147100
53.006400 75.748100
4.171250 27.834500
8.146100 30.211200
87.496000 95.853200
34.687600 41.390900
62.960000 64.561000
19.719100 90.094400
25.400100 77.777400
35.963700 94.663900
36.627800 60.281900
88.143300 96.789700
45.665200 48.812100
0.595572 53.439200
59.539300 72.602300
5.342990 53.686300
19.725200 58.349300
23.896400 29.434400
37.580500 86.183800
54.107600 73.679900
33.433800 88.795200
15.070800 97.994800
5.165120 51.755200
17.713900 29.532600
12.377800 30.565200
65.496300 67.193000
62.286000 72.659700
21.471800 55.336300
7.951120 8.775490
22.067400 67.490400
27.410400 81.377800
1.102930 21.176700
50.611200 85.759700
24.999400 71.943500
79.107000 88.191700
21.625500 45.623400
60.694200 67.902200
19.620300 19.657400
37.334200 65.859300
49.190000 96.424500
14.686300 49.712000
22.371700 63.617500
18.953800 76.972300
43.843500 84.923400
27.729300 65.910900
9.107050 52.413800
73.590500 93.321200
10.210000 79.080900
24.201700 35.209300
12.393400 51.024500
14.316400 96.647900
34.019000 82.218600
53.639300 57.342100
1.876020 23.201400
51.066000 90.973400
19.625900 40.685400
65.752300 83.243400
42.724600 63.057100
2.197250 6.900590
27.648000 29.926600
72.811500 80.061700
39.033600 66.132700
49.243600 53.652300
45.213600 77.854000
84.452900 96.238100
90.247400 98.769300
24.266400 92.886000
50.228100 80.987900
77.905600 82.863900
68.879100 73.429600
33.929900 93.055500
9.564440 99.682200
72.621500 76.298900
42.406800 78.496200
70.054800 79.522100
8.422750 52.333600
47.456400 50.116500
3.768750 18.466300
63.679900 96.699900
81.152900 81.622700
59.918000 71.870100
52.804100 79.922200
60.910100 96.136500
3.032210 74.042200
43.773900 76.461800
42.921200 77.703900
52.485700 69.517300
45.816300 77.386100
19.792900 25.107200
4.629310 24.312500
32.735200 89.847700
39.964200 56.962900
75.429200 80.191600
43.732900 76.891500
25.355700 39.109100
58.044400 99.027100
37.966600 97.225800
51.831200 93.362300
54.863400 98.876600
42.650600 67.404500
10.325700 31.325200
0.842532 20.354400
62.811400 97.740500
46.658800 87.918600
17.533400 70.971200
7.381120 92.547900
3.706450 49.510800
47.345300 83.898000
24.940000 91.078200
60.789500 64.049100
16.433900 18.833900
13.659700 63.076200
14.907400 56.800500
7.022000 55.677100
69.770900 74.426500
1.096070 98.327700
18.682100 84.752200
1.938610 47.563500
16.422600 48.597400
33.956100 35.482100
19.568600 28.030000
23.275100 41.337200
77.540700 88.682500
2.480680 7.173110
67.962600 79.760700
66.529700 96.194600
29.606000 86.796500
9.854300 43.597000
16.876300 44.513400
14.284200 99.274200
91.302800 97.601800
15.380300 76.054900
16.284000 17.318900
23.618500 32.706600
59.100600 65.916300
66.662700 85.485000
7.999870 87.130500
8.760050 64.671200
15.933200 96.682400
67.151900 76.443100
33.681700 83.895800
70.692300 72.637700
63.287600 82.492000
7.801000 14.289400
13.563500 99.368300
22.085200 90.671100
11.165300 37.465500
27.449300 66.726000
