78.12490000 94.67340000
14.25230000 20.40790000
24.87650000 83.66200000
8.41245000 17.49890000
29.51210000 86.11340000
2.03022000 74.47300000
31.87130000 61.98750000
11.55850000 66.13860000
18.10530000 40.60350000
57.08070000 97.58520000
6.98468000 70.10360000
18.96990000 46.54670000
10.05640000 24.45690000
64.56680000 78.98540000
65.38020000 84.53000000
54.94810000 79.20340000
43.50510000 75.35600000
27.16720000 93.45570000
0.23246700 1.86819000
29.74460000 44.66610000
46.69630000 87.98160000
4.21756000 49.96910000
15.77610000 78.56760000
16.10770000 19.17110000
13.69290000 33.88140000
40.86610000 76.25180000
83.79650000 95.22170000
8.25338000 87.41280000
5.27805000 51.97960000
87.23880000 89.80800000
17.35980000 42.18690000
60.86500000 69.01140000
17.54290000 62.46720000
17.77540000 88.03210000
32.69820000 64.33530000
47.52000000 52.31700000
51.73750000 79.39460000
2.28606000 57.96220000
18.39370000 67.51360000
1.39496000 77.13320000
32.08660000 53.38500000
15.88310000 42.26100000
29.67380000 48.60660000
24.13650000 53.88470000
11.37530000 81.65340000
43.69270000 99.01320000
12.70410000 53.56220000
59.87820000 71.10510000
47.91030000 75.17130000
39.50660000 88.88050000
36.40050000 80.60850000
60.00310000 91.82360000
88.13800000 94.10960000
17.96530000 55.65160000
12.50340000 95.09850000
44.59000000 57.04660000
48.48350000 99.30760000
60.47320000 97.09010000
28.98140000 84.60970000
10.63480000 50.97480000
94.66750000 95.98510000
9.64799000 49.54730000
7.37166000 69.52620000
20.65250000 82.54290000
9.53297000 17.43650000
22.04960000 98.04500000
13.87320000 45.93340000
34.07140000 58.04810000
7.98281000 76.01340000
20.48620000 89.72300000
46.76960000 71.11190000
19.59540000 65.07630000
25.54940000 46.07720000
16.68550000 75.05850000
10.15920000 67.66040000
6.14423000 85.69330000
62.32790000 95.34130000
55.69160000 69.69960000
64.86750000 76.34400000
52.24250000 82.30390000
74.29210000 85.87700000
31.81040000 80.34890000
38.39710000 88.16520000
65.88190000 96.14810000
14.41050000 55.60490000
16.63430000 85.52240000
2.37452000 81.71050000
5.11786000 48.45170000
7.25996000 21.80340000
17.41910000 23.51020000
9.20355000 89.46380000
23.56340000 51.79170000
4.54485000 79.25490000
21.49120000 69.41230000
55.59890000 73.73370000
41.47590000 51.71620000
32.06520000 48.02580000
36.19100000 73.28630000
39.16820000 70.46230000
32.33910000 84.87280000
48.97340000 94.77310000
70.39520000 97.14760000
30.68390000 75.51310000
37.94380000 45.59930000
69.10960000 97.31650000
55.36300000 86.78020000
78.31310000 78.92630000
38.57190000 82.85800000
58.18120000 60.06310000
13.78010000 52.27030000
3.98652000 33.79680000
55.25610000 81.82260000
28.54240000 36.05170000
6.51398000 18.01360000
50.35270000 67.71060000
62.48370000 91.38680000
61.78200000 99.32610000
30.01000000 59.63130000
5.23065000 37.29510000
34.61160000 67.95380000
23.31680000 74.34020000
21.39180000 52.65330000
2.24310000 59.96370000
35.51130000 60.42430000
20.02680000 87.78160000
53.82370000 74.20450000
29.46050000 91.76810000
27.81980000 35.64630000
53.65990000 58.00290000
25.71350000 34.33380000
4.01266000 25.72060000
3.33876000 88.19720000
47.82850000 87.50260000
24.79770000 33.34870000
1.30256000 53.05910000
27.39940000 59.40930000
24.61930000 80.80110000
26.86240000 80.05270000
15.56400000 40.76490000
60.79170000 87.28680000
3.34558000 61.49120000
14.61540000 95.11370000
50.26160000 90.95180000
22.93350000 48.95470000
3.92155000 57.26730000
7.93421000 74.66810000
62.86530000 82.98780000
11.27300000 70.49040000
10.69380000 44.62170000
63.75300000 95.28810000
45.92430000 54.69730000
70.54360000 91.15230000
35.49850000 71.20500000
76.26330000 97.40610000
84.69280000 86.76900000
37.05500000 90.11460000
46.18410000 51.67040000
37.13580000 85.22830000
1.93202000 8.16176000
5.85358000 86.09050000
60.75860000 65.42900000
13.78780000 48.41680000
23.62390000 25.06080000
18.90720000 34.31770000
14.19530000 69.68250000
15.60670000 98.07070000
68.89260000 89.22300000
4.39110000 86.15040000
60.42800000 83.55640000
47.19710000 80.65440000
17.70940000 68.24930000
14.43330000 37.31170000
22.54000000 69.37980000
51.56920000 71.31190000
30.70170000 37.65960000
77.16540000 96.13070000
90.95320000 98.41830000
22.04220000 44.54760000
16.01400000 63.45480000
56.36000000 85.69650000
54.43070000 77.65010000
1.30320000 46.54270000
43.65370000 87.45360000
4.08173000 50.93380000
31.58820000 71.01000000
39.25930000 51.27880000
49.29770000 88.59050000
18.67750000 53.69260000
5.26177000 11.13040000
41.83220000 89.98940000
42.92140000 67.15480000
37.96290000 41.33970000
58.10800000 82.51050000
63.38190000 74.12200000
19.74190000 45.96530000
23.61530000 59.81850000
61.12170000 74.17250000
17.82620000 70.15810000
21.09190000 48.57530000
19.58530000 21.90790000
52.68010000 73.18670000
1.97782000 58.84450000
12.53720000 61.77720000
20.65530000 72.90770000
10.64470000 17.79890000
14.73980000 60.72030000
52.70270000 77.79950000
2.06003000 35.90760000
35.21320000 65.44190000
10.02960000 81.17840000
69.84810000 85.18380000
4.79374000 59.35630000
30.96980000 74.95180000
77.18260000 79.54500000
96.04370000 99.09050000
48.72380000 99.13030000
57.97490000 72.27730000
34.05450000 50.70160000
70.51200000 71.35700000
6.96213000 88.31090000
21.70190000 82.00170000
49.03130000 59.80120000
51.09130000 74.40460000
9.61778000 95.70880000
5.73844000 16.53330000
1.71707000 90.79620000
75.58650000 95.58990000
6.55632000 61.07340000
38.25600000 70.54170000
66.58540000 86.10140000
37.34650000 85.23170000
9.62374000 15.30920000
43.20660000 66.01090000
13.71860000 43.67820000
37.36780000 50.64030000
2.02952000 19.36950000
51.06080000 72.34230000
46.74690000 79.17080000
2.15213000 74.87960000
18.68540000 56.36470000
47.16090000 80.61810000
20.40250000 56.20460000
42.75080000 81.47590000
13.29250000 62.76090000
19.73190000 48.86230000
57.07830000 79.87790000
34.09400000 95.18720000
66.70210000 77.30050000
10.38030000 61.19800000
91.01910000 98.56590000
61.02060000 93.04860000
17.93540000 33.36290000
44.10940000 97.10620000
46.26160000 80.10980000
36.47450000 71.98580000
52.60390000 64.94700000
83.63540000 85.34940000
8.80848000 26.38620000
66.82530000 71.56940000
39.67870000 86.55710000
19.55660000 20.43170000
43.63550000 54.52570000
10.33760000 14.74380000
31.82620000 75.94180000
20.71790000 22.84530000
74.50770000 81.73850000
15.89390000 92.44310000
15.10140000 60.00330000
89.54930000 95.21120000
6.26490000 61.53510000
31.68580000 71.21180000
14.13900000 15.32110000
22.94750000 56.56130000
23.38660000 41.70730000
81.38600000 94.51690000
9.94369000 14.94860000
0.94264700 53.57920000
15.68640000 69.47420000
1.30043000 63.91670000
84.63460000 91.62830000
24.14570000 66.13590000
40.03960000 66.37310000
58.57900000 81.47450000
0.04296030 48.12830000
6.30786000 76.68580000
8.37152000 9.66343000
23.80240000 77.51970000
23.69270000 34.08100000
46.74990000 65.40000000
41.26680000 57.46750000
46.78600000 67.41120000
47.72860000 56.21540000
20.99040000 25.68960000
63.41510000 84.90710000
26.99000000 55.04330000
51.13570000 69.54170000
21.17930000 35.91480000
79.75830000 91.17540000
17.38930000 91.21830000
27.88660000 94.07510000
37.55010000 97.52620000
2.44661000 75.04590000
26.13930000 61.35250000
8.10239000 9.12686000
66.59440000 91.53920000
38.32520000 49.36920000
5.58455000 34.00560000
54.99600000 86.05380000
31.27420000 49.46890000
39.90310000 58.26420000
4.51218000 9.44480000
9.39993000 25.69150000
0.57529800 45.35960000
5.44976000 62.74890000
33.33640000 91.79360000
56.82400000 89.31980000
59.27060000 70.88640000
32.23890000 64.36570000
73.49260000 85.40990000
40.34130000 76.94910000
40.08690000 89.71050000
15.27430000 74.09250000
1.32810000 95.29500000
26.56920000 29.08850000
50.79700000 68.99160000
55.30910000 84.83340000
78.43640000 94.23330000
23.79600000 81.00060000
86.45040000 94.80860000
86.54500000 86.60220000
19.78670000 43.36900000
75.92210000 90.67320000
2.63962000 40.28780000
22.91210000 88.04950000
13.78030000 63.25340000
53.86730000 64.99860000
52.96390000 80.27290000
27.95980000 48.25890000
57.04830000 81.60100000
32.39800000 74.82810000
26.04000000 59.66150000
4.47638000 87.70710000
53.89480000 68.70770000
28.27240000 48.70350000
14.81740000 55.15810000
35.30570000 74.94480000
11.22780000 58.18640000
60.82600000 65.61800000
51.51550000 88.53010000
48.87550000 65.29580000
13.87410000 51.78350000
4.74741000 19.16310000
47.12290000 94.14710000
53.00640000 75.74810000
4.17125000 27.83450000
8.14610000 30.21120000
87.49600000 95.85320000
34.68760000 41.39090000
62.96000000 64.56100000
19.71910000 90.09440000
25.40010000 77.77740000
35.96370000 94.66390000
36.62780000 60.28190000
88.14330000 96.78970000
45.66520000 48.81210000
0.59557200 53.43920000
59.53930000 72.60230000
5.34299000 53.68630000
19.72520000 58.34930000
23.89640000 29.43440000
37.58050000 86.18380000
54.10760000 73.67990000
33.43380000 88.79520000
15.07080000 97.99480000
5.16512000 51.75520000
17.71390000 29.53260000
12.37780000 30.56520000
65.49630000 67.19300000
62.28600000 72.65970000
21.47180000 55.33630000
7.95112000 8.77549000
22.06740000 67.49040000
27.41040000 81.37780000
1.10293000 21.17670000
50.61120000 85.75970000
24.99940000 71.94350000
79.10700000 88.19170000
21.62550000 45.62340000
60.69420000 67.90220000
19.62030000 19.65740000
37.33420000 65.85930000
49.19000000 96.42450000
14.68630000 49.71200000
22.37170000 63.61750000
18.95380000 76.97230000
43.84350000 84.92340000
27.72930000 65.91090000
9.10705000 52.41380000
73.59050000 93.32120000
10.21000000 79.08090000
24.20170000 35.20930000
12.39340000 51.02450000
14.31640000 96.64790000
34.01900000 82.21860000
53.63930000 57.34210000
1.87602000 23.20140000
51.06600000 90.97340000
19.62590000 40.68540000
65.75230000 83.24340000
42.72460000 63.05710000
2.19725000 6.90059000
27.64800000 29.92660000
72.81150000 80.06170000
39.03360000 66.13270000
49.24360000 53.65230000
45.21360000 77.85400000
84.45290000 96.23810000
90.24740000 98.76930000
24.26640000 92.88600000
50.22810000 80.98790000
77.90560000 82.86390000
68.87910000 73.42960000
33.92990000 93.05550000
9.56444000 99.68220000
72.62150000 76.29890000
42.40680000 78.49620000
70.05480000 79.52210000
8.42275000 52.33360000
47.45640000 50.11650000
3.76875000 18.46630000
63.67990000 96.69990000
81.15290000 81.62270000
59.91800000 71.87010000
52.80410000 79.92220000
60.91010000 96.13650000
3.03221000 74.04220000
43.77390000 76.46180000
42.92120000 77.70390000
52.48570000 69.51730000
45.81630000 77.38610000
19.79290000 25.10720000
4.62931000 24.31250000
32.73520000 89.84770000
39.96420000 56.96290000
75.42920000 80.19160000
43.73290000 76.89150000
25.35570000 39.10910000
58.04440000 99.02710000
37.96660000 97.22580000
51.83120000 93.36230000
54.86340000 98.87660000
42.65060000 67.40450000
10.32570000 31.32520000
0.84253200 20.35440000
62.81140000 97.74050000
46.65880000 87.91860000
17.53340000 70.97120000
7.38112000 92.54790000
3.70645000 49.51080000
47.34530000 83.89800000
24.94000000 91.07820000
60.78950000 64.04910000
16.43390000 18.83390000
13.65970000 63.07620000
14.90740000 56.80050000
7.02200000 55.67710000
69.77090000 74.42650000
1.09607000 98.32770000
18.68210000 84.75220000
1.93861000 47.56350000
16.42260000 48.59740000
33.95610000 35.48210000
19.56860000 28.03000000
23.27510000 41.33720000
77.54070000 88.68250000
2.48068000 7.17311000
67.96260000 79.76070000
66.52970000 96.19460000
29.60600000 86.79650000
9.85430000 43.59700000
16.87630000 44.51340000
14.28420000 99.27420000
91.30280000 97.60180000
15.38030000 76.05490000
16.28400000 17.31890000
23.61850000 32.70660000
59.10060000 65.91630000
66.66270000 85.48500000
7.99987000 87.13050000
8.76005000 64.67120000
15.93320000 96.68240000
67.15190000 76.44310000
33.68170000 83.89580000
70.69230000 72.63770000
63.28760000 82.49200000
7.80100000 14.28940000
13.56350000 99.36830000
22.08520000 90.67110000
11.16530000 37.46550000
27.44930000 66.72600000
