78.1249 94.6734
14.2523 20.4079
24.8765 83.662
8.41245 17.4989
29.5121 86.1134
2.03022 74.473
31.8713 61.9875
11.5585 66.1386
18.1053 40.6035
57.0807 97.5852
6.98468 70.1036
18.9699 46.5467
10.0564 24.4569
64.5668 78.9854
65.3802 84.53
54.9481 79.2034
43.5051 75.356
27.1672 93.4557
0.232467 1.86819
29.7446 44.6661
46.6963 87.9816
4.21756 49.9691
15.7761 78.5676
16.1077 19.1711
13.6929 33.8814
40.8661 76.2518
83.7965 95.2217
8.25338 87.4128
5.27805 51.9796
87.2388 89.808
17.3598 42.1869
60.865 69.0114
17.5429 62.4672
17.7754 88.0321
32.6982 64.3353
47.52 52.317
51.7375 79.3946
2.28606 57.9622
18.3937 67.5136
1.39496 77.1332
32.0866 53.385
15.8831 42.261
29.6738 48.6066
24.1365 53.8847
11.3753 81.6534
43.6927 99.0132
12.7041 53.5622
59.8782 71.1051
47.9103 75.1713
39.5066 88.8805
36.4005 80.6085
60.0031 91.8236
88.138 94.1096
17.9653 55.6516
12.5034 95.0985
44.59 57.0466
48.4835 99.3076
60.4732 97.0901
28.9814 84.6097
10.6348 50.9748
94.6675 95.9851
9.64799 49.5473
7.37166 69.5262
20.6525 82.5429
9.53297 17.4365
22.0496 98.045
13.8732 45.9334
34.0714 58.0481
7.98281 76.0134
20.4862 89.723
46.7696 71.1119
19.5954 65.0763
25.5494 46.0772
16.6855 75.0585
10.1592 67.6604
6.14423 85.6933
62.3279 95.3413
55.6916 69.6996
64.8675 76.344
52.2425 82.3039
74.2921 85.877
31.8104 80.3489
38.3971 88.1652
65.8819 96.1481
14.4105 55.6049
16.6343 85.5224
2.37452 81.7105
5.11786 48.4517
7.25996 21.8034
17.4191 23.5102
9.20355 89.4638
23.5634 51.7917
4.54485 79.2549
21.4912 69.4123
55.5989 73.7337
41.4759 51.7162
32.0652 48.0258
36.191 73.2863
39.1682 70.4623
32.3391 84.8728
48.9734 94.7731
70.3952 97.1476
30.6839 75.5131
37.9438 45.5993
69.1096 97.3165
55.363 86.7802
78.3131 78.9263
38.5719 82.858
58.1812 60.0631
13.7801 52.2703
3.98652 33.7968
55.2561 81.8226
28.5424 36.0517
6.51398 18.0136
50.3527 67.7106
62.4837 91.3868
61.782 99.3261
30.01 59.6313
5.23065 37.2951
34.6116 67.9538
23.3168 74.3402
21.3918 52.6533
2.2431 59.9637
35.5113 60.4243
20.0268 87.7816
53.8237 74.2045
29.4605 91.7681
27.8198 35.6463
53.6599 58.0029
25.7135 34.3338
4.01266 25.7206
3.33876 88.1972
47.8285 87.5026
24.7977 33.3487
1.30256 53.0591
27.3994 59.4093
24.6193 80.8011
26.8624 80.0527
15.564 40.7649
60.7917 87.2868
3.34558 61.4912
14.6154 95.1137
50.2616 90.9518
22.9335 48.9547
3.92155 57.2673
7.93421 74.6681
62.8653 82.9878
11.273 70.4904
10.6938 44.6217
63.753 95.2881
45.9243 54.6973
70.5436 91.1523
35.4985 71.205
76.2633 97.4061
84.6928 86.769
37.055 90.1146
46.1841 51.6704
37.1358 85.2283
1.93202 8.16176
5.85358 86.0905
60.7586 65.429
13.7878 48.4168
23.6239 25.0608
18.9072 34.3177
14.1953 69.6825
15.6067 98.0707
68.8926 89.223
4.3911 86.1504
60.428 83.5564
47.1971 80.6544
17.7094 68.2493
14.4333 37.3117
22.54 69.3798
51.5692 71.3119
30.7017 37.6596
77.1654 96.1307
90.9532 98.4183
22.0422 44.5476
16.014 63.4548
56.36 85.6965
54.4307 77.6501
1.3032 46.5427
43.6537 87.4536
4.08173 50.9338
31.5882 71.01
39.2593 51.2788
49.2977 88.5905
18.6775 53.6926
5.26177 11.1304
41.8322 89.9894
42.9214 67.1548
37.9629 41.3397
58.108 82.5105
63.3819 74.122
19.7419 45.9653
23.6153 59.8185
61.1217 74.1725
17.8262 70.1581
21.0919 48.5753
19.5853 21.9079
52.6801 73.1867
1.97782 58.8445
12.5372 61.7772
20.6553 72.9077
10.6447 17.7989
14.7398 60.7203
52.7027 77.7995
2.06003 35.9076
35.2132 65.4419
10.0296 81.1784
69.8481 85.1838
4.79374 59.3563
30.9698 74.9518
77.1826 79.545
96.0437 99.0905
48.7238 99.1303
57.9749 72.2773
34.0545 50.7016
70.512 71.357
6.96213 88.3109
21.7019 82.0017
49.0313 59.8012
51.0913 74.4046
9.61778 95.7088
5.73844 16.5333
1.71707 90.7962
75.5865 95.5899
6.55632 61.0734
38.256 70.5417
66.5854 86.1014
37.3465 85.2317
9.62374 15.3092
43.2066 66.0109
13.7186 43.6782
37.3678 50.6403
2.02952 19.3695
51.0608 72.3423
46.7469 79.1708
2.15213 74.8796
18.6854 56.3647
47.1609 80.6181
20.4025 56.2046
42.7508 81.4759
13.2925 62.7609
19.7319 48.8623
57.0783 79.8779
34.094 95.1872
66.7021 77.3005
10.3803 61.198
91.0191 98.5659
61.0206 93.0486
17.9354 33.3629
44.1094 97.1062
46.2616 80.1098
36.4745 71.9858
52.6039 64.947
83.6354 85.3494
8.80848 26.3862
66.8253 71.5694
39.6787 86.5571
19.5566 20.4317
43.6355 54.5257
10.3376 14.7438
31.8262 75.9418
20.7179 22.8453
74.5077 81.7385
15.8939 92.4431
15.1014 60.0033
89.5493 95.2112
6.2649 61.5351
31.6858 71.2118
14.139 15.3211
22.9475 56.5613
23.3866 41.7073
81.386 94.5169
9.94369 14.9486
0.942647 53.5792
15.6864 69.4742
1.30043 63.9167
84.6346 91.6283
24.1457 66.1359
40.0396 66.3731
58.579 81.4745
0.0429603 48.1283
6.30786 76.6858
8.37152 9.66343
23.8024 77.5197
23.6927 34.081
46.7499 65.4
41.2668 57.4675
46.786 67.4112
47.7286 56.2154
20.9904 25.6896
63.4151 84.9071
26.99 55.0433
51.1357 69.5417
21.1793 35.9148
79.7583 91.1754
17.3893 91.2183
27.8866 94.0751
37.5501 97.5262
2.44661 75.0459
26.1393 61.3525
8.10239 9.12686
66.5944 91.5392
38.3252 49.3692
5.58455 34.0056
54.996 86.0538
31.2742 49.4689
39.9031 58.2642
4.51218 9.4448
9.39993 25.6915
0.575298 45.3596
5.44976 62.7489
33.3364 91.7936
56.824 89.3198
59.2706 70.8864
32.2389 64.3657
73.4926 85.4099
40.3413 76.9491
40.0869 89.7105
15.2743 74.0925
1.3281 95.295
26.5692 29.0885
50.797 68.9916
55.3091 84.8334
78.4364 94.2333
23.796 81.0006
86.4504 94.8086
86.545 86.6022
19.7867 43.369
75.9221 90.6732
2.63962 40.2878
22.9121 88.0495
13.7803 63.2534
53.8673 64.9986
52.9639 80.2729
27.9598 48.2589
57.0483 81.601
32.398 74.8281
26.04 59.6615
4.47638 87.7071
53.8948 68.7077
28.2724 48.7035
14.8174 55.1581
35.3057 74.9448
11.2278 58.1864
60.826 65.618
51.5155 88.5301
48.8755 65.2958
13.8741 51.7835
4.74741 19.1631
47.1229 94.1471
53.0064 75.7481
4.17125 27.8345
8.1461 30.2112
87.496 95.8532
34.6876 41.3909
62.96 64.561
19.7191 90.0944
25.4001 77.7774
35.9637 94.6639
36.6278 60.2819
88.1433 96.7897
45.6652 48.8121
0.595572 53.4392
59.5393 72.6023
5.34299 53.6863
19.7252 58.3493
23.8964 29.4344
37.5805 86.1838
54.1076 73.6799
33.4338 88.7952
15.0708 97.9948
5.16512 51.7552
17.7139 29.5326
12.3778 30.5652
65.4963 67.193
62.286 72.6597
21.4718 55.3363
7.95112 8.77549
22.0674 67.4904
27.4104 81.3778
1.10293 21.1767
50.6112 85.7597
24.9994 71.9435
79.107 88.1917
21.6255 45.6234
60.6942 67.9022
19.6203 19.6574
37.3342 65.8593
49.19 96.4245
14.6863 49.712
22.3717 63.6175
18.9538 76.9723
43.8435 84.9234
27.7293 65.9109
9.10705 52.4138
73.5905 93.3212
10.21 79.0809
24.2017 35.2093
12.3934 51.0245
14.3164 96.6479
34.019 82.2186
53.6393 57.3421
1.87602 23.2014
51.066 90.9734
19.6259 40.6854
65.7523 83.2434
42.7246 63.0571
2.19725 6.90059
27.648 29.9266
72.8115 80.0617
39.0336 66.1327
49.2436 53.6523
45.2136 77.854
84.4529 96.2381
90.2474 98.7693
24.2664 92.886
50.2281 80.9879
77.9056 82.8639
68.8791 73.4296
33.9299 93.0555
9.56444 99.6822
72.6215 76.2989
42.4068 78.4962
70.0548 79.5221
8.42275 52.3336
47.4564 50.1165
3.76875 18.4663
63.6799 96.6999
81.1529 81.6227
59.918 71.8701
52.8041 79.9222
60.9101 96.1365
3.03221 74.0422
43.7739 76.4618
42.9212 77.7039
52.4857 69.5173
45.8163 77.3861
19.7929 25.1072
4.62931 24.3125
32.7352 89.8477
39.9642 56.9629
75.4292 80.1916
43.7329 76.8915
25.3557 39.1091
58.0444 99.0271
37.9666 97.2258
51.8312 93.3623
54.8634 98.8766
42.6506 67.4045
10.3257 31.3252
0.842532 20.3544
62.8114 97.7405
46.6588 87.9186
17.5334 70.9712
7.38112 92.5479
3.70645 49.5108
47.3453 83.898
24.94 91.0782
60.7895 64.0491
16.4339 18.8339
13.6597 63.0762
14.9074 56.8005
7.022 55.6771
69.7709 74.4265
1.09607 98.3277
18.6821 84.7522
1.93861 47.5635
16.4226 48.5974
33.9561 35.4821
19.5686 28.03
23.2751 41.3372
77.5407 88.6825
2.48068 7.17311
67.9626 79.7607
66.5297 96.1946
29.606 86.7965
9.8543 43.597
16.8763 44.5134
14.2842 99.2742
91.3028 97.6018
15.3803 76.0549
16.284 17.3189
23.6185 32.7066
59.1006 65.9163
66.6627 85.485
7.99987 87.1305
8.76005 64.6712
15.9332 96.6824
67.1519 76.4431
33.6817 83.8958
70.6923 72.6377
63.2876 82.492
7.801 14.2894
13.5635 99.3683
22.0852 90.6711
11.1653 37.4655
27.4493 66.726
