11.7964 12.7964
88.7145 89.7145
38.8912 39.8912
92.8476 93.8476
58.9149 59.9149
25.9138 26.9138
47.5863 48.5863
44.9085 45.9085
18.9407 19.9407
35.8652 36.8652
52.5571 53.5571
24.8698 25.8698
80.7215 81.7215
74.8468 75.8468
68.7995 69.7995
37.9278 38.9278
15.8942 16.8942
22.6146 23.6146
39.994 40.994
79.6879 80.6879
20.983 21.983
83.9525 84.9525
21.6129 22.6129
12.9734 13.9734
17.9935 18.9935
70.95 71.95
89.8091 90.8091
21.9678 22.9678
49.9961 50.9961
56.9958 57.9958
56.8715 57.8715
61.7925 62.7925
46.7103 47.7103
95.7627 96.7627
55.6401 56.6401
6.62522 7.62522
23.6765 24.6765
3.7112 4.7112
52.5337 53.5337
42.6172 43.6172
39.5764 40.5764
4.57569 5.57569
65.9718 66.9718
19.7828 20.7828
78.9073 79.9073
36.7714 37.7714
57.7106 58.7106
94.8015 95.8015
57.8708 58.8708
98.7046 99.7046
73.9742 74.9742
78.8538 79.8538
83.657 84.657
95.5871 96.5871
92.8271 93.8271
2.65051 3.65051
68.5371 69.5371
83.6362 84.6362
25.6183 26.6183
19.5331 20.5331
42.632 43.632
80.9746 81.9746
79.8104 80.8104
87.8271 88.8271
77.7373 78.7373
35.9353 36.9353
93.9372 94.9372
0.898631 1.89863
39.6465 40.6465
45.9558 46.9558
43.5158 44.5158
77.7078 78.7078
50.5314 51.5314
9.97249 10.9725
96.9755 97.9755
28.9236 29.9236
46.7438 47.7438
55.6861 56.6861
25.7251 26.7251
5.61464 6.61464
53.8756 54.8756
0.699367 1.69937
82.9533 83.9533
39.5326 40.5326
95.7713 96.7713
76.7804 77.7804
40.668 41.668
63.7932 64.7932
60.9014 61.9014
64.7711 65.7711
81.8112 82.8112
4.5334 5.5334
46.7457 47.7457
62.6216 63.6216
90.8454 91.8454
24.9679 25.9679
98.5569 99.5569
85.7825 86.7825
25.8665 26.8665
37.6883 38.6883
32.7383 33.7383
68.8672 69.8672
15.881 16.881
82.7546 83.7546
78.8397 79.8397
13.8565 14.8565
12.6782 13.6782
26.5835 27.5835
69.5426 70.5426
36.8882 37.8882
30.683 31.683
23.903 24.903
38.5876 39.5876
14.6363 15.6363
61.9205 62.9205
33.8437 34.8437
90.9015 91.9015
3.58847 4.58847
97.6369 98.6369
52.8029 53.8029
67.8444 68.8444
78.933 79.933
55.8212 56.8212
15.5901 16.5901
42.5546 43.5546
47.6665 48.6665
40.558 41.558
41.5964 42.5964
33.9339 34.9339
65.9094 66.9094
77.7695 78.7695
66.6722 67.6722
35.7765 36.7765
93.6505 94.6505
48.9116 49.9116
15.6162 16.6162
6.99188 7.99188
62.5898 63.5898
40.6846 41.6846
77.5345 78.5345
97.9628 98.9628
69.8525 70.8525
0.92239 1.92239
37.5504 38.5504
82.9736 83.9736
62.8429 63.8429
69.879 70.879
74.8751 75.8751
64.9162 65.9162
68.5159 69.5159
28.678 29.678
33.7606 34.7606
46.9337 47.9337
82.984 83.984
48.8356 49.8356
88.9732 89.9732
32.6505 33.6505
87.8785 88.8785
31.5695 32.5695
66.5844 67.5844
54.7878 55.7878
8.8239 9.8239
32.7414 33.7414
90.5644 91.5644
2.95929 3.95929
82.653 83.653
5.66543 6.66543
9.95117 10.9512
44.7276 45.7276
44.8349 45.8349
85.9705 86.9705
43.6904 44.6904
15.6873 16.6873
86.8929 87.8929
80.7257 81.7257
0.660888 1.66089
50.7358 51.7358
51.6047 52.6047
75.5359 76.5359
17.652 18.652
20.6054 21.6054
4.69875 5.69875
49.8975 50.8975
67.5392 68.5392
87.6827 88.6827
98.7331 99.7331
55.9972 56.9972
19.818 20.818
88.6116 89.6116
87.5667 88.5667
84.8872 85.8872
42.8842 43.8842
95.8754 96.8754
19.6286 20.6286
33.9334 34.9334
98.8347 99.8347
1.76642 2.76642
39.5989 40.5989
9.7859 10.7859
44.9789 45.9789
83.9186 84.9186
96.7564 97.7564
88.6693 89.6693
0.605909 1.60591
84.6493 85.6493
68.8798 69.8798
98.7516 99.7516
35.87 36.87
20.9693 21.9693
74.7724 75.7724
53.522 54.522
41.5748 42.5748
77.956 78.956
2.90436 3.90436
8.59879 9.59879
66.6387 67.6387
3.63746 4.63746
65.596 66.596
85.9416 86.9416
90.7339 91.7339
52.6475 53.6475
71.8289 72.8289
34.6181 35.6181
49.5229 50.5229
89.9423 90.9423
68.5515 69.5515
47.8425 48.8425
91.7088 92.7088
8.63526 9.63526
58.6284 59.6284
37.6876 38.6876
92.5539 93.5539
54.8697 55.8697
26.8418 27.8418
91.6446 92.6446
40.5191 41.519
95.7216 96.7216
90.8811 91.8811
74.8739 75.8739
17.6909 18.6909
66.6535 67.6535
27.8808 28.8808
57.7505 58.7505
45.6096 46.6096
31.7851 32.7851
65.8342 66.8342
11.7332 12.7332
33.9074 34.9074
30.915 31.915
97.6748 98.6748
25.6413 26.6413
83.5625 84.5625
69.9885 70.9885
58.7442 59.7442
33.5703 34.5703
60.9309 61.9309
27.7806 28.7806
79.8977 80.8977
54.6396 55.6396
34.9007 35.9007
39.5261 40.5261
90.8121 91.8121
26.9394 27.9394
92.8807 93.8807
18.6539 19.6539
19.5841 20.5841
33.8846 34.8846
14.8603 15.8603
9.95001 10.95
9.75846 10.7585
32.5513 33.5513
76.6036 77.6036
38.6392 39.6392
89.7867 90.7867
21.698 22.698
68.9092 69.9092
56.6208 57.6208
32.916 33.916
3.8166 4.8166
87.5358 88.5358
31.5908 32.5908
27.9427 28.9427
70.5832 71.5832
2.57934 3.57934
86.687 87.687
3.63833 4.63833
62.9951 63.9951
13.9525 14.9525
84.536 85.536
18.6347 19.6347
48.8532 49.8532
23.547 24.547
8.93167 9.93167
75.7927 76.7927
16.9125 17.9125
28.5856 29.5856
94.8616 95.8616
50.797 51.797
41.9307 42.9307
5.81158 6.81158
60.5555 61.5555
72.9668 73.9668
81.9 82.9
97.6795 98.6795
63.7535 64.7535
4.59796 5.59796
67.5887 68.5887
19.8592 20.8592
35.9988 36.9988
69.8902 70.8902
6.87984 7.87984
68.5896 69.5896
97.8329 98.8329
76.9479 77.9479
69.6538 70.6538
86.5199 87.5199
80.5862 81.5862
33.6489 34.6489
98.9572 99.9572
64.6071 65.6071
50.7684 51.7684
49.8104 50.8104
87.6389 88.6389
60.7001 61.7001
26.6031 27.6031
5.55133 6.55133
87.7705 88.7705
20.9495 21.9495
54.8332 55.8332
30.7012 31.7012
27.7611 28.7611
14.8735 15.8735
4.66808 5.66808
10.6611 11.6611
14.5531 15.5531
67.9064 68.9064
13.7439 14.7439
80.6267 81.6267
87.7656 88.7656
50.7427 51.7427
52.5168 53.5168
95.6454 96.6454
18.8172 19.8172
49.8346 50.8346
73.5933 74.5933
86.9558 87.9558
35.8394 36.8394
53.6643 54.6643
22.6047 23.6047
36.7966 37.7966
18.7562 19.7562
71.858 72.858
86.6071 87.6071
5.87995 6.87995
33.5581 34.5581
12.695 13.695
9.91613 10.9161
20.8135 21.8135
34.6445 35.6445
64.7493 65.7493
49.9996 50.9996
60.8905 61.8905
79.6229 80.6229
55.6677 56.6677
71.5516 72.5516
92.6608 93.6608
24.5741 25.5741
83.7803 84.7803
73.7723 74.7723
11.8245 12.8245
35.523 36.523
25.774 26.774
6.95479 7.95479
52.825 53.825
75.6086 76.6086
80.5481 81.5481
41.7809 42.7809
11.9328 12.9328
34.6973 35.6973
62.8704 63.8704
48.7294 49.7294
51.9384 52.9384
35.7284 36.7284
34.8213 35.8213
57.8183 58.8183
68.7714 69.7714
47.5164 48.5164
67.7345 68.7345
89.5849 90.5849
80.6457 81.6457
31.9686 32.9686
41.5845 42.5845
42.5362 43.5362
12.5915 13.5915
95.737 96.737
13.5726 14.5726
5.73714 6.73714
19.7959 20.7959
96.8378 97.8378
77.9943 78.9943
31.6204 32.6204
31.8457 32.8457
4.76827 5.76827
39.5752 40.5752
85.6707 86.6707
78.8617 79.8617
19.6081 20.6081
26.9364 27.9364
90.7946 91.7946
52.7903 53.7903
89.8069 90.8069
40.524 41.524
5.72865 6.72865
26.5353 27.5353
73.8302 74.8302
63.547 64.547
93.7916 94.7916
21.8314 22.8314
30.7663 31.7663
83.8613 84.8613
1.96199 2.96199
62.7349 63.7349
24.9307 25.9307
43.9831 44.9831
74.8113 75.8113
21.6676 22.6676
57.5557 58.5557
80.5484 81.5484
39.9484 40.9484
53.8783 54.8783
59.5427 60.5427
71.5688 72.5688
86.724 87.724
62.7958 63.7958
10.6289 11.6289
71.8796 72.8796
42.6575 43.6575
29.7218 30.7218
98.816 99.816
33.9369 34.9369
80.997 81.997
89.6229 90.6229
72.9458 73.9458
87.7256 88.7256
15.6431 16.6431
48.776 49.776
50.7574 51.7574
9.91953 10.9195
70.6074 71.6074
82.5237 83.5237
93.7809 94.7809
72.5694 73.5694
44.7435 45.7435
19.7115 20.7115
17.5524 18.5524
20.5548 21.5548
39.864 40.864
74.593 75.593
0.588012 1.58801
79.8124 80.8124
27.9562 28.9562
58.6155 59.6155
50.8661 51.8661
15.6802 16.6802
20.8962 21.8962
60.9798 61.9798
87.5598 88.5598
64.5537 65.5537
90.7016 91.7016
85.8606 86.8606
96.9755 97.9755
72.6986 73.6986
74.9684 75.9684
70.9213 71.9213
59.909 60.909
91.6115 92.6115
20.6973 21.6973
12.6665 13.6665
2.531 3.531
89.7896 90.7896
93.6751 94.6751
94.7967 95.7967
62.8438 63.8438
37.9034 38.9034
13.9931 14.9931
78.8811 79.8811
57.943 58.943
53.8571 54.8571
52.9589 53.9589
58.531 59.531
34.6695 35.6695
81.9151 82.9151
17.6314 18.6314
85.5356 86.5356
97.5953 98.5953
38.5276 39.5276
47.5154 48.5154
85.6399 86.6399
2.56622 3.56622
37.7018 38.7018
