50 75
48 73
33 58
48 73
49 74
41 66
72 97
36 61
37 62
46 71
19 44
73 98
62 87
12 37
55 80
68 93
29 54
26 51
44 69
18 43
3 28
51 76
71 96
59 84
35 60
59 84
34 59
63 88
6 31
52 77
54 79
33 58
2 27
13 38
6 31
51 76
31 56
55 80
64 89
45 70
26 51
8 33
43 68
13 38
72 97
0 25
6 31
26 51
27 52
28 53
22 47
30 55
4 29
70 95
67 92
39 64
31 56
26 51
4 29
37 62
3 28
59 84
71 96
57 82
49 74
54 79
11 36
57 82
35 60
0 25
28 53
61 86
9 34
71 96
52 77
6 31
72 97
35 60
10 35
1 26
63 88
9 34
31 56
45 70
4 29
23 48
61 86
35 60
49 74
66 91
50 75
29 54
27 52
23 48
12 37
53 78
54 79
0 25
35 60
14 39
0 25
63 88
53 78
61 86
37 62
7 32
45 70
11 36
19 44
32 57
12 37
60 85
41 66
43 68
30 55
22 47
44 69
16 41
34 59
70 95
7 32
9 34
25 50
11 36
9 34
14 39
64 89
64 89
14 39
2 27
55 80
66 91
65 90
10 35
53 78
27 52
17 42
0 25
15 40
14 39
32 57
27 52
74 99
73 98
71 96
29 54
20 45
17 42
45 70
31 56
12 37
30 55
41 66
14 39
18 43
27 52
28 53
8 33
16 41
19 44
62 87
72 97
11 36
52 77
59 84
41 66
57 82
2 27
41 66
72 97
16 41
73 98
2 27
15 40
48 73
50 75
21 46
68 93
67 92
66 91
1 26
4 29
73 98
42 67
19 44
17 42
47 72
24 49
2 27
63 88
44 69
64 89
37 62
32 57
18 43
22 47
73 98
52 77
1 26
16 41
27 52
69 94
14 39
29 54
9 34
39 64
4 29
7 32
9 34
71 96
73 98
10 35
52 77
49 74
30 55
48 73
66 91
2 27
73 98
45 70
65 90
19 44
34 59
5 30
28 53
29 54
27 52
3 28
7 32
28 53
19 44
34 59
22 47
10 35
63 88
8 33
49 74
44 69
15 40
58 83
40 65
65 90
68 93
69 94
39 64
23 48
43 68
7 32
2 27
18 43
52 77
68 93
14 39
63 88
73 98
42 67
70 95
2 27
45 70
2 27
7 32
64 89
13 38
29 54
51 76
53 78
14 39
25 50
22 47
6 31
60 85
39 64
48 73
30 55
10 35
65 90
31 56
53 78
72 97
33 58
48 73
27 52
3 28
62 87
67 92
1 26
29 54
62 87
55 80
74 99
41 66
62 87
40 65
31 56
16 41
68 93
9 34
7 32
70 95
8 33
65 90
55 80
47 72
39 64
63 88
35 60
29 54
19 44
13 38
3 28
52 77
62 87
7 32
56 81
26 51
52 77
34 59
56 81
39 64
15 40
32 57
58 83
2 27
50 75
14 39
71 96
43 68
1 26
55 80
39 64
9 34
46 71
71 96
34 59
10 35
59 84
69 94
16 41
3 28
7 32
71 96
33 58
46 71
4 29
66 91
50 75
56 81
25 50
8 33
72 97
17 42
40 65
55 80
72 97
67 92
47 72
45 70
36 61
48 73
25 50
52 77
57 82
71 96
48 73
16 41
58 83
10 35
10 35
51 76
65 90
70 95
48 73
23 48
18 43
52 77
66 91
45 70
10 35
17 42
53 78
7 32
11 36
19 44
40 65
8 33
11 36
12 37
53 78
24 49
60 85
56 81
1 26
19 44
29 54
27 52
13 38
13 38
37 62
0 25
41 66
27 52
47 72
14 39
28 53
43 68
43 68
19 44
13 38
30 55
13 38
67 92
15 40
25 50
63 88
55 80
10 35
51 76
44 69
64 89
1 26
6 31
45 70
54 79
25 50
51 76
6 31
15 40
64 89
20 45
16 41
8 33
48 73
63 88
74 99
1 26
31 56
20 45
72 97
22 47
50 75
11 36
14 39
65 90
36 61
54 79
22 47
46 71
30 55
66 91
12 37
8 33
49 74
34 59
40 65
52 77
11 36
46 71
67 92
52 77
44 69
60 85
60 85
69 94
49 74
37 62
70 95
57 82
57 82
67 92
4 29
32 57
55 80
70 95
0 25
16 41
49 74
74 99
40 65
57 82
43 68
52 77
65 90
17 42
64 89
7 32
69 94
52 77
31 56
39 64
29 54
0 25
24 49
67 92
69 94
50 75
29 54
41 66
33 58
11 36
10 35
