37 87
3 53
40 90
49 99
18 68
1 51
34 84
37 87
0 50
45 95
21 71
41 91
33 83
24 74
0 50
29 79
30 80
8 58
10 60
29 79
26 76
17 67
7 57
11 61
39 89
11 61
13 63
43 93
11 61
24 74
21 71
48 98
29 79
14 64
0 50
49 99
15 65
34 84
39 89
17 67
31 81
10 60
8 58
14 64
36 86
10 60
45 95
16 66
18 68
7 57
47 97
47 97
25 75
5 55
10 60
14 64
18 68
23 73
9 59
29 79
0 50
31 81
28 78
29 79
45 95
30 80
31 81
12 62
14 64
20 70
30 80
45 95
30 80
38 88
11 61
17 67
1 51
6 56
35 85
19 69
14 64
33 83
18 68
41 91
40 90
28 78
7 57
8 58
2 52
18 68
40 90
2 52
49 99
20 70
33 83
46 96
0 50
14 64
11 61
14 64
34 84
41 91
11 61
17 67
31 81
24 74
34 84
32 82
30 80
19 69
4 54
46 96
4 54
22 72
39 89
44 94
1 51
48 98
5 55
5 55
17 67
45 95
9 59
18 68
15 65
44 94
17 67
15 65
9 59
28 78
31 81
45 95
19 69
44 94
14 64
0 50
18 68
48 98
33 83
0 50
20 70
37 87
47 97
26 76
11 61
38 88
21 71
12 62
37 87
26 76
19 69
4 54
23 73
28 78
22 72
38 88
23 73
39 89
5 55
34 84
17 67
36 86
31 81
38 88
30 80
46 96
41 91
48 98
46 96
24 74
0 50
18 68
13 63
47 97
45 95
24 74
36 86
18 68
39 89
25 75
44 94
10 60
29 79
17 67
41 91
3 53
7 57
16 66
45 95
12 62
0 50
14 64
48 98
33 83
5 55
30 80
31 81
46 96
30 80
28 78
22 72
30 80
46 96
35 85
30 80
43 93
11 61
18 68
11 61
2 52
43 93
7 57
15 65
24 74
26 76
6 56
29 79
33 83
22 72
24 74
45 95
24 74
41 91
45 95
7 57
46 96
27 77
39 89
42 92
7 57
19 69
14 64
40 90
17 67
1 51
20 70
11 61
14 64
38 88
24 74
19 69
33 83
32 82
34 84
7 57
8 58
40 90
36 86
42 92
12 62
13 63
39 89
38 88
4 54
37 87
47 97
2 52
14 64
36 86
46 96
22 72
7 57
12 62
12 62
25 75
13 63
34 84
38 88
29 79
22 72
14 64
48 98
5 55
46 96
32 82
14 64
7 57
24 74
0 50
49 99
38 88
15 65
40 90
26 76
21 71
27 77
24 74
23 73
42 92
12 62
21 71
16 66
20 70
33 83
30 80
47 97
48 98
14 64
37 87
28 78
38 88
1 51
28 78
45 95
0 50
13 63
9 59
7 57
37 87
11 61
8 58
26 76
29 79
48 98
4 54
0 50
26 76
28 78
26 76
20 70
43 93
47 97
36 86
15 65
33 83
16 66
14 64
31 81
32 82
1 51
11 61
20 70
4 54
40 90
15 65
4 54
3 53
26 76
13 63
42 92
39 89
21 71
18 68
18 68
20 70
23 73
19 69
48 98
3 53
47 97
20 70
46 96
44 94
8 58
11 61
29 79
26 76
25 75
11 61
8 58
28 78
24 74
30 80
35 85
14 64
47 97
41 91
19 69
23 73
5 55
12 62
12 62
26 76
32 82
33 83
48 98
7 57
4 54
48 98
13 63
1 51
20 70
11 61
47 97
28 78
23 73
27 77
4 54
0 50
40 90
12 62
31 81
14 64
42 92
16 66
31 81
39 89
7 57
0 50
14 64
12 62
14 64
29 79
41 91
49 99
12 62
41 91
8 58
16 66
40 90
21 71
19 69
10 60
33 83
16 66
41 91
8 58
43 93
45 95
10 60
33 83
10 60
41 91
0 50
4 54
9 59
31 81
44 94
17 67
33 83
10 60
31 81
48 98
39 89
24 74
49 99
3 53
16 66
7 57
21 71
8 58
29 79
40 90
20 70
14 64
7 57
11 61
22 72
2 52
7 57
32 82
38 88
17 67
26 76
38 88
21 71
35 85
19 69
17 67
4 54
2 52
28 78
38 88
2 52
19 69
12 62
1 51
25 75
28 78
9 59
46 96
36 86
40 90
37 87
7 57
4 54
46 96
20 70
28 78
0 50
27 77
10 60
40 90
46 96
38 88
28 78
20 70
26 76
49 99
39 89
30 80
4 54
19 69
18 68
8 58
41 91
33 83
12 62
16 66
11 61
