6.77761 66.0053
7.45372 48.4657
38.1108 46.5445
56.2947 93.2212
7.85291 42.4162
43.8739 92.1948
43.3833 75.8119
47.4478 81.1882
40.2913 91.4898
2.1133 8.39002
20.8369 39.724
18.261 78.3272
7.23098 85.2517
46.6544 80.817
34.9442 89.5163
14.7689 41.7218
55.5216 63.2346
2.06614 49.1756
1.34534 42.3968
43.7615 58.3609
2.23471 50.2497
35.9563 93.633
78.0466 83.4042
18.338 74.8212
74.894 76.9345
26.728 95.7309
5.05519 16.6585
1.91028 13.9918
12.2862 60.6462
47.2304 82.7273
50.1625 97.4961
5.68416 88.9523
38.1278 60.7307
7.75029 62.076
66.1112 80.5246
5.83756 30.7743
41.7939 68.3459
24.4073 46.3925
25.1981 99.2285
0.0920428 64.7304
76.1631 91.4584
92.8216 95.8229
9.81474 96.5136
8.79977 94.7319
70.461 77.4592
20.6235 56.0302
44.9824 74.9553
26.3076 35.686
34.0579 83.1103
63.6349 97.7621
0.169077 3.59963
68.5149 94.4092
18.8165 45.3935
14.9074 70.5916
18.045 79.6379
70.6837 94.2081
66.5066 71.0963
67.6099 87.0297
76.3213 81.7616
46.7823 76.4097
32.4398 59.2208
34.1761 67.4058
77.4223 93.7134
60.5326 69.8622
27.7713 67.6242
24.1674 27.9404
18.5766 71.2239
16.6174 96.4553
11.3628 37.3931
55.4382 87.209
57.8927 91.0006
49.6463 62.0969
24.3993 36.676
0.720577 29.7068
6.11647 18.4376
47.5029 77.6584
14.9086 38.5563
11.8346 15.9786
8.62198 81.6967
36.3933 76.5112
0.678625 49.3209
20.5448 64.3337
19.2553 60.789
37.1622 56.6484
24.3712 72.1517
12.0865 63.1524
61.7328 82.2639
6.66315 25.2493
54.9561 98.4088
7.38373 16.8464
54.8866 61.0726
94.5048 99.6289
6.33933 69.7952
15.6075 78.4172
88.036 92.1187
14.8105 37.357
79.1441 92.7973
12.0526 57.9018
39.9331 95.064
12.0848 68.7009
19.4352 80.7875
1.69912 75.2372
0.486471 42.5202
8.36227 40.929
15.746 55.4426
16.5151 57.7754
52.2801 70.6326
16.144 40.4278
31.7515 58.6195
18.845 46.6555
23.8702 33.6554
16.6675 84.0125
12.7995 41.9143
28.72 52.7326
36.9783 97.421
56.4135 64.8175
40.0547 78.2084
20.7286 58.1126
40.5411 66.4749
61.6576 95.9837
19.433 82.2209
12.4988 52.8535
28.6428 71.7131
30.3326 93.2813
12.1262 60.3943
76.9881 84.2645
45.7817 61.0006
0.931926 58.5812
2.91484 29.652
11.3138 39.8931
27.0729 76.1313
5.28131 96.3066
16.186 54.4193
26.0099 56.7271
20.8942 87.6676
3.11511 52.7108
7.10054 65.2097
55.9686 78.8136
49.2499 93.8525
9.1462 54.2467
61.3761 86.1343
7.15778 38.5112
39.4431 47.1348
50.0497 65.739
69.0951 77.0528
89.9428 96.168
53.1841 86.2494
1.44929 69.3701
27.4592 40.6687
26.0973 61.5629
15.1268 78.8081
22.2273 64.678
20.6466 44.0178
1.04097 37.8702
10.1872 69.8965
31.2727 92.1169
30.6282 96.3214
38.4304 43.4563
4.16942 70.0713
39.1664 93.5059
81.2222 83.4487
34.4064 35.3343
36.7836 69.6982
3.77648 10.3669
29.8737 64.2429
71.9298 79.3697
8.68183 36.6079
1.59699 52.6996
2.63796 57.2545
27.1511 90.5698
12.8251 82.6867
9.14658 58.4237
13.3149 96.8542
52.6028 83.3862
1.02359 46.1088
22.5525 82.2458
29.5575 57.8869
16.6522 99.2557
20.4286 94.6705
9.62259 58.9134
50.3024 81.5524
38.283 58.9842
18.1603 39.88
11.6838 75.4148
2.25359 42.518
2.56589 55.3431
60.9896 84.9403
64.4897 98.2552
17.0925 57.8438
58.8674 81.6414
4.19393 63.2013
41.1132 92.7588
57.7654 62.0808
56.7513 92.0145
1.63712 78.194
15.6647 28.4964
53.9477 83.1896
1.34986 87.4806
93.8278 99.1644
36.3457 76.7647
1.41799 79.3306
86.3583 91.6888
40.3202 56.1785
84.6135 98.164
66.2549 73.2711
36.4724 57.0314
70.4489 98.1446
29.2313 32.5297
21.2458 55.9099
34.1039 89.281
4.94569 22.8829
6.07246 62.6003
50.0809 58.8934
7.42232 52.7212
49.2453 84.187
50.6633 89.0669
63.5176 80.7557
3.83781 37.0216
21.6352 36.9343
2.00182 10.2054
59.0332 87.8901
46.6778 58.339
57.1778 75.909
13.0877 90.8686
80.1496 97.1548
20.0377 47.1917
9.79199 85.0953
26.1102 43.9887
33.5325 59.8729
9.11825 96.7099
17.7195 85.7768
59.7816 81.2371
66.5326 96.8032
3.46685 85.0749
18.4384 87.0768
6.32848 13.6722
46.1099 60.35
3.28772 64.6674
36.2591 55.5361
16.3754 33.4139
35.6857 63.5671
20.781 53.4516
73.3591 79.5618
33.232 64.7698
13.0943 61.4797
30.8138 42.3502
2.1318 47.2565
12.051 13.789
97.1259 98.935
17.2559 17.3734
30.9281 84.2026
23.7019 30.3126
88.3693 91.2781
27.5372 33.6003
43.9054 49.9757
60.9511 79.5911
13.5428 14.4027
0.372122 86.9019
65.1419 93.9645
7.05882 20.1339
26.6215 62.4841
37.8727 73.878
49.9236 64.6159
63.5509 87.667
4.9229 47.0495
31.2521 80.9243
4.62618 35.851
27.1291 61.5647
92.9955 95.1651
36.9009 54.6663
15.6174 45.1408
16.492 58.6836
16.8641 30.02
23.9845 45.5855
65.7194 82.006
8.62753 31.0434
28.2035 68.916
82.5055 92.8194
18.8396 70.1726
56.3703 65.8891
37.2946 75.0955
10.9465 97.1413
41.9208 58.706
34.9163 38.0756
53.8711 92.7419
71.8172 99.0119
8.35923 88.3092
38.3793 57.6955
3.28098 5.17334
62.3638 87.1793
69.0004 93.4072
95.8069 97.2039
62.3232 78.3124
81.1628 90.0233
46.3936 48.485
23.5804 47.0519
44.1932 83.6883
25.6091 34.5269
2.89922 72.6025
56.7703 60.5254
32.3426 65.3443
55.7821 73.7036
13.4776 20.6518
12.0828 25.8252
16.7586 74.4466
13.0045 85.759
8.81134 67.8538
30.177 82.9628
72.9861 87.1237
11.3398 35.6087
19.3797 58.3918
3.06797 59.1891
2.58496 93.716
5.48418 28.677
66.3184 89.2024
31.6628 62.2545
18.0366 21.545
5.36633 42.1969
17.4492 31.5142
48.2728 68.022
81.0265 91.8958
34.0318 59.7496
16.9946 89.8378
76.9616 89.9266
1.26645 89.9807
9.3604 12.5703
59.6582 71.7594
12.4284 62.2432
41.1054 65.4753
31.7938 67.7273
29.9818 30.3078
51.8529 63.4566
48.0184 68.8229
79.5327 94.0497
62.0717 86.2721
27.8055 78.1679
43.0982 61.8373
32.9361 37.9175
27.8441 78.8319
9.89764 68.8125
22.4679 29.1106
78.1729 88.7688
90.6013 94.2273
51.012 59.7026
18.7393 31.7067
62.0146 91.4964
48.7211 54.9529
13.8674 96.7396
7.91717 23.7758
10.0479 76.2722
4.07774 69.9889
13.0871 88.2158
26.1333 65.915
44.7468 46.0232
53.9774 55.9209
13.5594 83.088
78.3888 91.7323
71.8568 72.616
22.8688 82.3336
14.0403 32.3186
23.815 41.6081
76.0549 90.3292
78.7679 89.9223
2.54378 87.0688
63.341 97.8395
12.5917 67.8284
0.807438 67.4188
33.3338 80.9156
26.9388 26.9407
78.0806 80.9181
82.8596 91.64
61.2484 64.0061
35.8629 83.3723
33.8644 65.706
58.7317 66.183
0.339753 79.7463
55.8012 89.998
68.766 90.669
45.7235 77.7378
43.563 71.3097
41.0788 83.9014
8.4976 11.3915
84.7088 92.307
11.6495 41.8314
19.2458 19.912
2.10541 92.5677
11.552 56.5738
63.3538 94.9244
92.4367 97.2182
51.1683 60.6303
40.3767 63.4012
51.5081 53.3992
42.1771 96.1779
22.1652 41.9014
19.9148 93.4749
60.9936 85.4644
77.3763 96.8559
62.0851 69.4912
11.3226 89.1629
8.40869 73.7347
31.2346 66.3023
10.5141 42.7866
22.8761 73.8679
15.3128 37.711
71.0861 98.3413
34.4873 66.4811
17.9892 38.718
34.8959 87.8865
10.0517 60.1662
76.7973 80.0811
3.52661 62.2617
41.0747 80.9029
10.566 59.1176
42.9881 48.2805
16.7227 21.8886
53.1232 56.6892
67.2033 83.0251
5.90119 95.9098
33.6209 41.0712
12.1573 21.214
31.9622 87.6951
46.6446 70.6802
5.68424 34.5312
5.57606 65.8505
44.5829 82.3733
45.9316 48.1095
44.635 87.0063
3.75265 29.0124
72.0005 97.5722
19.4608 52.0332
8.72238 88.7232
71.7483 72.584
68.4939 75.9257
16.9969 77.6495
2.11471 98.8634
29.1542 34.0769
75.7989 86.5585
4.7571 92.2427
10.3301 10.3332
54.9129 58.0932
4.02478 92.7065
3.02243 37.3415
32.0348 91.0311
41.0942 88.6033
4.03529 93.1274
8.06413 92.7585
1.84974 80.6481
64.5068 77.7754
42.1563 49.142
51.2567 94.7724
23.9266 41.0197
27.5782 85.3336
90.0907 99.7255
10.0555 19.821
0.423884 77.9142
64.9685 93.1304
67.9909 81.939
30.4719 72.97
0.0257459 71.5661
4.06104 61.5733
64.6935 69.6375
66.5432 96.8195
50.2856 61.3263
44.3187 99.4276
3.48262 39.091
44.5023 50.6843
36.0179 63.0176
62.7431 72.0806
26.1086 91.9015
26.5325 72.7987
37.7671 69.8157
19.6629 51.7547
5.75806 50.1348
5.7838 24.7247
21.7009 86.298
9.84484 86.3944
6.66437 55.9355
6.22106 52.9376
67.9907 97.2563
5.64866 71.4733
36.3473 56.333
15.9757 99.365
88.0562 92.3509
18.4595 62.1081
34.9067 79.9578
44.9921 49.7735
64.655 72.6739
1.52811 78.4319
14.7898 26.2528
36.4908 84.2157
12.5508 94.0606
22.8852 68.4862
0.724945 75.8228
68.7157 74.7073
73.0792 80.356
9.42649 40.189
36.6889 56.1647
8.79145 29.0399
44.2209 70.8995
24.1787 47.4994
5.80625 92.4915
73.9521 78.4801
57.1465 75.4802
56.912 71.9363
1.73302 41.1278
8.42706 14.2838
31.3122 35.1883
35.9133 82.7701
7.13509 57.4774
4.62894 80.2142
37.8333 44.8179
74.5223 89.6407
0.982568 98.4322
3.56213 45.2035
51.0615 69.3317
69.3821 75.1379
43.3342 43.553
0.699486 53.6181
10.5301 18.8145
20.5475 72.6358
51.6579 81.0628
34.8313 86.8462
12.3751 17.6014
19.5102 22.7595
27.3885 75.0787
12.9121 99.7244
72.2064 89.3651
73.1889 87.4343
87.7973 90.9965
18.3924 57.129
42.058 87.7745
32.267 85.611
31.1088 85.885
49.9232 86.3105
58.9463 96.4151
48.073 70.4707
5.30205 40.0091
34.9192 52.3842
22.9034 57.6787
71.8944 97.9821
71.6188 85.0672
10.8942 57.2736
60.9839 98.3285
30.4625 48.7812
48.8549 89.325
5.91024 31.383
36.6294 38.1772
16.994 67.7382
3.30451 24.0622
17.6615 20.4774
62.2508 88.1322
2.2599 68.5504
3.46961 93.4343
16.3377 54.6441
26.5384 61.1484
14.3198 46.2156
25.214 98.1572
3.48914 59.1411
23.5425 33.9517
7.92234 12.8675
13.8326 82.8066
19.436 44.2505
52.0098 61.2445
76.072 87.1742
4.83569 64.549
26.7998 96.5494
65.0998 92.9679
29.0597 86.4022
68.5694 83.7037
2.73982 29.7177
10.2422 17.0596
8.39941 75.9333
42.2736 79.4224
65.8161 67.5405
13.3741 75.4629
78.6836 96.1807
22.934 89.2954
15.6167 41.3052
2.79092 84.1785
17.3772 48.7274
7.62661 13.9266
0.594508 75.5272
4.58683 79.0264
47.5958 86.9967
88.2906 89.7365
77.3135 98.5328
6.7961 53.2468
6.93219 49.0697
32.6692 74.4727
14.8858 46.0433
49.9356 93.5693
39.231 42.2239
16.5034 57.8406
0.681812 80.5362
60.6315 97.9135
49.4092 68.2581
11.8401 24.9364
68.8526 90.8665
29.5232 55.8493
17.8138 38.4623
15.7757 45.5858
16.3466 52.3819
23.2788 69.0225
1.45159 1.6917
16.3374 97.7515
47.6871 47.735
9.90671 89.9589
26.4101 86.9181
47.7995 67.4544
8.43105 27.0919
65.3679 76.5011
76.6892 77.208
1.43752 45.5418
30.9608 68.0745
1.39115 6.53674
46.9769 48.7746
22.3125 65.1212
91.335 99.3588
0.810412 88.4
86.1515 93.0267
17.1478 40.7617
27.0545 33.8386
20.7567 30.7206
53.4646 78.5201
80.5564 88.211
53.5789 86.9511
57.0575 63.6403
30.7869 58.4951
9.18218 98.8613
10.5733 89.4558
5.39808 38.2304
27.7106 57.5503
3.35159 56.9091
19.0455 91.7516
12.0722 57.7195
74.8673 77.903
11.7416 52.8339
1.92178 83.5545
32.4983 55.3863
20.7093 62.0745
35.9428 49.0257
74.2882 93.0003
5.07509 12.666
21.8482 51.4954
3.93643 40.9512
9.33451 32.4215
79.1816 89.9718
37.0451 82.5332
46.8809 56.0906
4.60039 74.2848
52.1878 68.1628
20.9967 79.4677
63.9294 81.3894
4.55115 96.4277
36.7758 66.6257
17.1371 72.7186
15.6514 91.4253
28.3174 65.7189
17.2142 96.5004
0.436813 50.1656
58.1654 82.5872
9.77132 37.3471
46.8164 72.559
19.4398 19.8803
2.90698 94.165
24.0402 71.0698
3.50791 46.3529
10.2823 92.0665
84.8974 96.6176
6.71003 21.6731
23.8471 63.2433
78.8947 94.3917
15.2724 60.1106
7.21215 11.7728
57.3778 77.3248
12.2096 35.4902
21.9809 39.9649
12.5239 72.8373
68.7973 92.7176
31.9638 71.7043
56.004 86.8826
33.2354 42.7741
34.8406 59.5119
43.5177 44.4093
31.4582 50.2278
66.0824 94.7016
60.4741 74.0749
73.5963 89.3472
20.5846 80.8084
1.12002 97.9094
13.3296 38.1862
33.3997 78.1512
6.23698 35.3105
4.10781 90.6751
22.6388 98.9545
75.8121 85.8371
18.5862 78.6428
19.0725 38.1547
53.4267 62.5903
82.564 84.885
12.818 48.6463
79.5865 86.8929
9.12043 53.1828
29.7051 76.2401
33.9912 77.3601
27.6145 72.1775
61.0142 90.6898
26.0003 50.3286
41.0037 67.2512
30.1081 66.2057
5.92017 63.6425
42.2853 52.0428
24.5063 71.1154
77.9331 80.44
33.7056 63.004
46.5236 62.818
11.6503 42.4045
20.7707 33.4165
9.65666 95.5873
29.5786 50.4758
78.0903 87.0168
1.75605 77.7066
39.1045 52.0847
3.70684 6.35568
33.8149 93.0883
56.7308 72.5614
24.6042 39.7351
64.2414 99.0161
79.4561 95.7195
29.4252 42.1745
4.99251 42.4601
54.1104 75.9488
9.36534 47.397
42.9844 74.8811
19.022 25.3569
6.03881 72.563
3.44721 74.319
42.5517 83.7454
26.4037 87.4522
19.492 48.9074
21.2671 21.4688
61.0022 76.2228
46.073 75.239
25.2437 41.7925
54.6951 67.4181
71.2177 97.1552
47.1665 72.4107
19.8077 51.2655
26.1466 56.5318
62.7921 75.5538
35.3551 51.5035
54.9508 81.5926
9.67407 65.338
36.0777 97.5025
46.4099 52.7902
55.5698 74.0574
31.7926 67.8786
13.9516 35.0596
7.03156 60.3032
55.7441 61.7266
26.9618 27.7214
0.132046 58.8818
10.1474 74.1283
19.9397 30.6601
36.294 82.7318
6.21395 87.7976
18.0869 87.8066
27.7609 42.7483
40.2508 53.1446
5.93481 63.8387
19.4084 86.6606
54.5393 79.9922
15.0517 51.201
58.2326 68.4909
24.235 75.355
3.07637 19.9592
51.1968 78.8411
3.20841 25.3251
23.1482 88.9884
25.2824 55.9852
5.87998 62.1991
13.08 23.9669
50.0057 55.8283
3.15032 51.7278
15.5665 96.0791
9.08512 82.7397
34.9749 89.0773
37.279 86.176
4.12901 5.76988
44.4085 79.484
30.0049 64.3678
81.2017 82.5604
43.2088 85.7688
6.52677 32.1973
8.91692 62.512
14.7969 57.4797
24.7111 70.5597
38.7638 74.7168
26.388 90.4916
22.467 77.8671
6.05804 86.9523
5.20676 41.033
42.4858 76.0295
27.2089 80.1586
48.2556 71.6175
59.6426 78.2605
35.9852 42.2029
59.4622 79.1941
27.9717 65.989
11.3914 36.8886
28.5009 68.871
51.6855 53.2121
39.4307 90.4493
27.9289 65.8187
5.79603 80.9408
86.9989 88.2857
92.7483 93.4925
28.0318 68.7778
35.9783 55.2407
48.9364 84.2339
8.57896 26.8582
62.4944 62.8434
21.9566 50.7819
42.0375 78.7535
53.4289 87.9456
15.6421 16.4466
22.2999 67.3276
61.7306 69.6586
57.7769 97.5875
27.5493 38.7177
3.38352 15.8351
25.7166 96.1318
9.32757 53.7484
45.3058 64.9097
8.98911 13.8461
29.5397 35.8473
22.425 92.0341
73.2069 98.6907
13.9908 40.7282
1.93636 51.9604
67.6026 94.1571
16.457 18.3829
34.9302 88.0415
78.1877 92.7071
5.73698 85.629
31.4248 89.0125
21.5721 57.1414
30.8996 85.1444
10.8897 50.054
19.8788 76.2054
5.74514 63.9001
55.7261 86.3251
54.4169 97.7793
11.77 59.532
11.4925 95.1451
13.7064 89.3022
32.0893 79.0951
5.75924 14.0253
20.1308 83.9469
5.75983 6.73234
38.1571 89.6839
11.2559 94.7724
79.9167 95.2985
6.18821 42.1555
18.361 29.9708
26.0671 93.8709
24.1061 81.7932
21.8854 80.196
36.2101 39.7281
31.3552 33.6554
47.3618 51.2205
20.6574 30.3156
26.4166 79.4511
44.3409 99.5819
10.3635 51.0732
0.0474019 5.34172
0.114076 89.2303
11.3033 84.5288
53.4589 80.0308
10.0015 90.717
16.7841 71.8198
3.87241 95.926
84.0684 98.5773
17.8113 34.7873
23.7965 51.4668
66.1425 75.017
86.7999 98.8285
5.33263 78.2796
13.2166 49.6735
23.5801 77.8615
0.746672 83.2032
23.6275 89.977
34.9308 83.3173
63.3481 74.5058
65.2228 88.3897
60.2095 73.3496
77.222 82.0068
56.1355 80.5841
61.2905 73.9468
15.3714 85.087
25.4136 81.514
24.2421 60.104
65.4366 68.3139
2.52175 81.5305
15.1101 80.3832
5.11057 15.8568
28.7381 63.5865
5.83375 46.9038
63.6689 80.3395
10.2518 52.0586
45.5623 83.6015
12.2681 27.5692
60.8235 68.4036
8.15326 22.114
23.5247 42.3505
7.20096 67.7641
5.03865 67.3049
73.3525 92.0062
32.7415 94.528
47.8516 54.883
59.9936 74.9112
38.4977 63.7084
69.5421 88.7316
52.4006 85.4014
49.8817 95.6533
4.45916 95.444
16.7273 79.2548
23.0132 40.0783
31.1664 85.1309
27.4814 62.1923
54.6911 69.3933
59.7298 95.2455
36.6982 87.2517
33.0823 69.4397
81.7797 87.9653
17.2914 56.6909
47.9589 80.9998
36.6905 95.1886
50.5419 80.59
0.423594 89.0911
76.2433 93.5502
55.498 95.8676
10.2776 18.8808
95.4085 95.5763
50.0472 57.7686
4.73831 22.8899
18.1354 27.1619
63.8601 64.4681
5.38715 97.5504
33.2998 87.1668
50.5912 85.5157
33.4746 43.8577
31.591 39.0463
70.1651 82.1329
19.6363 59.2562
82.5565 95.8796
52.8065 78.4241
51.3777 63.084
46.954 97.3048
47.352 58.4925
4.72265 81.3824
31.8845 52.0903
16.5584 99.5179
4.90501 95.7446
14.1088 29.0445
92.0719 99.6245
35.9296 79.6356
11.2266 33.0991
3.26425 74.9759
93.3595 94.6122
62.5205 75.9159
15.3269 90.4919
41.8695 54.34
51.6448 78.4109
36.9034 88.8235
93.5462 98.9968
18.2858 51.0871
17.8037 25.4307
21.1753 67.6455
22.7087 81.7543
14.7806 50.2198
29.8554 81.3788
14.478 50.7102
25.6861 41.082
17.7422 34.4415
20.2983 80.2627
10.3574 10.7902
64.6974 95.5896
52.6597 74.0005
16.3422 41.4832
10.9039 15.339
29.1898 35.0294
60.4601 66.4261
34.0716 46.9935
69.7022 81.6354
15.8259 31.8552
84.4827 97.2047
35.1929 61.7106
2.79264 11.6827
29.4249 60.879
37.2341 81.1773
9.68761 47.5915
5.2772 91.9674
12.2889 44.6271
28.6311 79.2777
86.1103 90.1816
21.1397 43.97
10.3961 19.3714
66.3649 81.5997
44.4676 63.2351
36.067 60.2935
20.5498 95.0903
56.8009 57.4982
55.7427 69.1809
16.6217 59.5936
96.8277 98.6059
8.29347 97.7989
44.4192 89.7664
13.5707 56.7081
34.3935 92.8484
20.5038 85.3392
29.3092 83.03
2.40141 41.6435
23.2432 39.7053
68.7663 84.173
4.83333 86.4784
44.4665 81.5687
1.96472 25.3831
38.3696 81.1258
71.1457 97.9632
69.7515 97.7475
94.7909 95.5464
39.2102 78.045
85.3128 91.6156
19.7063 95.9183
81.2575 84.464
40.2101 67.494
10.5668 81.8536
50.2721 69.8954
5.09686 38.6617
34.445 91.5752
43.495 78.9115
68.8782 73.1439
11.5135 80.8762
50.004 52.0219
9.47676 47.7514
4.2677 21.7734
43.2978 99.8184
28.6107 43.4779
39.3962 91.434
48.317 75.8981
20.6538 88.5271
31.2205 43.3921
13.2875 70.3808
75.4776 81.4926
15.9377 51.9492
67.0528 95.4443
40.1967 94.8492
64.3224 75.7254
14.3264 51.7103
27.7473 61.187
49.5207 62.0778
5.37567 65.4547
8.93262 49.3391
33.9863 40.7731
48.3288 82.3033
16.6712 68.9826
60.0633 70.8304
0.203155 41.2112
73.3508 81.6958
16.6888 25.3001
83.7416 97.6335
20.7444 92.4827
23.9384 85.0668
68.2081 75.6486
95.9554 99.3932
36.8357 61.471
2.2904 45.4761
66.8467 94.8152
0.832984 11.223
35.5884 59.5519
52.2596 83.1363
28.5345 53.9667
12.3229 28.7376
85.6737 95.1779
10.4334 11.8667
8.06689 10.9738
31.7181 95.6083
0.54955 19.5467
16.7849 68.7576
16.1781 95.1953
32.031 64.713
10.1892 77.6491
34.3214 44.4958
5.00442 45.5444
40.5928 45.3288
5.09628 28.465
33.6308 92.8524
5.17531 82.4317
62.3684 77.6096
72.8018 90.849
1.82284 89.4763
80.8687 85.0846
33.541 81.4183
4.63133 50.3259
50.1759 99.8267
14.8889 66.504
31.8576 44.1531
25.0781 66.179
30.0825 88.6489
11.7235 33.9777
16.8197 70.6753
62.4427 63.5278
44.8745 50.4505
12.8189 68.7031
22.4841 59.5521
11.9604 85.6207
61.3749 66.4894
94.9159 97.045
1.67637 47.9077
45.2418 98.0836
1.50302 11.7459
12.9725 33.3607
38.0506 55.899
44.5479 99.5397
11.2632 68.1332
38.8085 78.5256
28.0829 40.9683
2.33628 78.5334
71.0393 85.8428
8.32686 91.3523
30.5914 76.973
20.2873 91.9664
17.3323 43.4624
86.8823 91.3701
19.0087 32.1241
20.5117 89.4537
2.42621 43.87
53.8724 99.769
40.4769 53.4121
8.61003 44.317
22.8426 64.6752
47.4186 92.7582
49.7548 63.8109
49.6537 71.2916
20.7942 62.6439
51.3856 57.9805
39.6169 78.2678
43.352 83.0794
30.2343 95.6001
14.6088 74.4495
62.3584 63.9032
6.22846 35.1205
66.3294 88.9928
5.99749 6.80625
42.4049 50.3144
7.08014 15.4163
62.8348 73.157
36.9679 99.8383
12.5897 71.1299
33.3839 86.6215
33.7738 44.602
73.3907 84.7695
22.8698 28.1215
18.4699 56.4701
30.9196 58.3558
20.7142 33.0787
68.1991 94.8227
26.9427 61.1521
32.9402 57.1919
67.9584 99.5968
83.2546 83.3747
6.67699 56.4116
6.51529 46.2095
58.7992 93.3795
77.6452 80.001
11.4189 92.1831
24.6031 76.9525
47.4729 84.8096
5.07402 41.2797
63.4298 65.9428
72.1992 99.0215
67.022 84.1441
11.0868 67.2206
24.4126 28.1741
44.027 96.1325
24.0094 27.2816
30.6864 79.5072
25.7167 83.6933
37.2017 77.0728
14.8469 84.5159
57.0738 76.699
26.2658 81.6769
11.0754 53.6515
29.1498 58.7255
52.3551 95.0926
22.1553 24.5544
6.2994 94.1141
61.3347 91.5764
17.3862 19.7505
61.4131 85.7473
9.7567 15.883
88.6948 95.3902
40.4431 72.388
21.1069 77.6448
5.62284 49.4608
6.53461 92.4917
18.7575 82.3218
35.9733 88.2115
17.3613 29.8329
82.188 94.6988
12.454 16.8542
6.56806 6.74242
23.1536 98.3188
40.5398 67.9028
18.0692 53.6501
1.95291 33.9522
63.4068 90.6477
3.84986 29.3425
50.4494 63.0357
12.4965 81.4946
56.0722 73.9863
19.0311 38.394
7.24261 92.7438
22.5767 74.3673
24.6039 69.0662
4.76473 37.0579
11.5071 85.9204
9.07396 43.626
9.82592 11.5287
27.8952 49.6137
51.5666 65.1788
28.5856 61.8474
42.2143 91.1899
5.24999 32.4354
13.9301 41.6392
17.7465 97.7115
36.7776 87.9164
36.1055 80.6602
10.4729 44.0202
3.23684 68.6241
8.00158 79.539
5.682 65.4594
19.5087 49.308
29.3346 74.5334
24.1471 60.8367
26.0155 57.2298
19.0772 75.7137
17.9281 54.601
10.2671 87.0365
23.178 51.9063
0.966528 40.9245
49.6178 88.8829
77.7021 85.7233
21.7222 69.5431
72.7799 96.1962
75.7352 90.3463
80.7815 96.0284
0.290197 41.1946
15.728 45.3363
6.17299 29.6248
39.8751 86.8546
15.5889 32.1885
5.93187 86.7895
16.199 33.5169
56.695 73.826
68.1053 74.7925
17.7231 97.6195
63.6754 75.3215
3.44643 33.2185
97.0438 99.6426
5.99836 87.3901
75.3778 86.7798
16.5725 83.4185
28.7548 87.07
16.6949 32.3005
34.9278 72.1756
3.54951 67.1162
9.48138 87.7645
21.2814 53.9058
25.6803 27.7317
77.9764 93.7856
2.52424 75.5958
11.5088 66.1997
14.9552 50.9174
47.9611 99.4181
5.41647 14.5978
35.3513 89.9756
18.7697 92.1963
6.54805 79.2663
38.8485 47.5245
82.4523 95.9612
11.0241 99.5107
49.5685 98.7886
3.47428 8.99209
20.07 34.6724
31.206 98.0464
28.4581 33.7303
39.9668 73.6422
24.5596 99.9299
54.922 99.348
69.5198 72.5207
4.76449 7.872
59.4954 96.9608
26.6417 66.0435
74.1663 76.2271
4.89198 72.1883
15.9161 56.6185
6.18705 71.699
14.7047 80.6911
9.66133 34.7747
15.3635 40.8673
32.8211 43.8216
6.46329 74.5976
74.5275 83.7885
31.0229 38.7105
3.54361 73.8755
8.2303 78.64
11.4156 67.7257
38.0574 75.6008
33.7692 51.8279
12.2236 38.6611
24.0162 68.8421
54.5773 95.7152
69.282 75.0292
76.4063 84.6905
4.05666 91.7698
25.5578 36.8777
0.15544 35.5915
19.3799 43.341
74.3639 74.6829
48.5584 58.0904
66.3207 77.9075
27.1984 89.3231
2.79923 34.0464
27.3805 67.8156
39.6041 54.6271
6.47673 78.6433
8.44622 61.054
74.3585 83.4754
30.3359 50.7648
34.3926 68.1659
42.5347 93.7238
71.2703 78.1261
14.6114 93.8792
68.5621 97.5061
55.5965 88.9753
17.1206 66.8828
21.9172 44.319
55.9636 56.2059
47.1183 83.5864
1.74538 23.7792
23.1905 30.2559
31.6367 80.3887
54.7473 91.3099
15.1121 21.6458
5.5121 83.2781
48.0468 56.0384
27.3087 77.0018
26.1729 70.881
23.679 41.9201
30.8954 39.4432
56.5638 79.2755
1.19263 97.7782
0.882803 53.9841
48.0011 57.1562
37.5705 80.9354
49.7464 60.761
11.1913 30.1352
2.50114 92.3977
7.50988 84.8824
24.1469 90.3945
80.1854 90.7879
38.4413 67.7898
7.4941 64.6142
38.6708 49.4142
78.114 88.2932
67.5687 80.3096
34.6778 78.0878
35.5606 68.7613
25.9175 32.0719
69.6424 83.5616
6.85286 33.3081
18.0441 30.4034
22.8011 63.4432
20.5453 48.3256
30.311 44.6922
21.0989 38.7201
24.8776 77.1614
32.3717 88.8887
27.5595 41.7756
30.0688 81.7859
5.67348 62.0955
40.3512 97.6375
40.1832 66.3988
72.2551 75.9118
59.4734 92.3163
41.8975 99.1691
72.3008 92.7815
17.2133 56.2247
37.7585 95.102
4.55035 25.413
43.2705 82.4508
7.32833 46.5119
20.4319 35.4006
39.7 62.2075
21.4859 62.9601
68.6336 92.2764
83.5814 89.9139
8.9848 23.7646
56.3127 84.8966
48.6289 96.0197
37.9171 44.37
37.1515 47.7981
10.218 65.0113
5.31994 93.3762
2.76987 97.9266
30.7329 85.2206
41.1971 77.2448
61.629 92.5489
12.6454 32.2489
23.8365 75.6055
16.1129 53.7348
37.3162 44.239
6.02679 53.2238
61.0808 62.3395
38.1204 57.1004
10.9684 82.4904
58.7665 95.0176
5.23555 19.6419
13.0182 23.7778
10.5555 26.5477
10.9447 41.2884
11.7683 52.1418
4.31724 18.5332
13.7707 31.1786
36.5662 37.6073
6.78409 90.301
51.0231 53.7202
27.6172 59.7469
4.24695 88.698
22.0864 42.3674
33.0548 45.7984
24.8578 40.816
44.4998 91.8212
15.5991 46.0515
56.607 57.5179
42.1467 68.4626
53.915 97.8954
16.4287 20.6044
34.3752 58.2323
47.6073 94.7985
54.3913 71.9824
25.7026 85.0995
5.41447 12.7167
9.66142 85.4495
1.41467 7.5359
47.2131 52.0288
40.5907 76.8866
32.4119 88.0291
21.3864 34.0806
48.011 78.9043
90.1577 90.6876
47.3669 88.5831
44.0727 67.9713
2.30501 5.01174
2.34649 52.619
74.3289 97.1035
7.01035 82.203
0.0314686 12.4248
85.481 94.9197
22.0862 96.3343
74.115 93.0169
33.6076 43.5474
31.5765 51.0017
66.0195 72.388
14.0305 65.6571
51.2923 56.3447
4.18821 98.6592
44.9278 48.2609
49.9396 66.6306
50.566 68.9771
2.55856 47.6694
9.56891 43.306
29.8724 43.3374
21.9937 24.7921
28.8184 44.08
21.1264 21.8353
18.195 64.6738
55.4429 69.1967
21.4624 96.2503
41.5847 61.9074
35.4928 92.877
18.2521 39.6811
63.1799 91.5362
58.1668 87.942
13.1195 38.508
15.678 27.1439
70.4498 86.1774
16.0498 25.247
13.7873 47.2407
40.8419 42.6057
61.9682 91.3206
9.51564 64.441
19.8838 26.642
22.8923 78.7123
20.297 41.3462
76.839 84.7996
3.05174 13.174
4.71019 16.5201
4.4621 66.2317
62.877 79.3511
42.9701 90.0209
29.1475 95.0292
20.2761 60.4707
45.1973 74.258
67.5168 86.0391
16.8636 58.8375
48.0073 81.3046
68.3531 74.6494
1.18844 47.0654
42.5346 97.5416
67.3624 82.3413
19.3737 80.5364
35.8938 85.393
51.6247 85.2465
40.3559 48.1235
30.9758 83.3259
26.005 38.1444
12.4734 98.6151
46.2812 57.6707
13.798 72.873
43.7098 89.7367
72.6355 91.7171
40.9886 71.0413
66.3665 72.2297
63.9081 88.054
14.7643 55.4164
34.138 46.2494
31.6424 35.9527
21.1993 70.0318
10.3876 83.2671
14.2429 69.3228
7.4672 93.7136
6.18696 40.2479
6.08228 86.529
63.8576 78.9553
0.327023 7.56739
68.692 72.9625
39.7333 99.2845
13.9511 65.651
2.00506 11.963
26.7273 29.5591
57.4214 75.8084
60.8653 93.3742
7.45084 30.8971
14.5735 90.7179
41.2848 83.8963
4.96078 34.9983
45.2087 91.3635
41.1853 97.4458
5.04292 31.7377
32.0647 76.4011
12.6103 45.0931
5.0272 11.8948
18.9783 84.8263
77.5458 96.7893
7.10484 20.9833
23.5166 78.4048
82.9133 84.382
71.779 90.3641
15.2791 86.3524
56.5639 81.082
70.2487 86.0428
61.6121 91.5622
31.2515 32.7475
59.0579 62.9891
35.459 37.7904
50.4007 95.0539
0.0810712 80.552
62.2955 65.3784
19.0593 39.8413
40.0427 62.1677
46.9461 85.6843
18.4475 29.8594
70.0663 90.2264
20.2235 85.3454
1.30556 76.5788
41.9092 46.8275
33.4714 87.3484
8.43964 18.5998
66.2189 67.4975
4.00935 81.589
2.95651 76.6428
54.4101 83.5085
16.7056 76.7239
48.8869 95.7832
11.0546 56.5469
3.49305 35.8259
54.2734 96.7388
33.3525 66.8051
44.4998 53.576
21.0786 52.1505
54.8816 94.0597
42.2299 67.9061
27.5312 76.3458
60.8297 93.7501
42.4187 43.8433
46.7998 97.7595
19.0615 52.1695
30.3083 95.7854
68.8751 79.1952
25.4221 91.5686
27.3945 90.2498
28.9151 86.9886
62.2676 81.6679
26.1677 53.7938
5.94425 15.8436
47.2463 70.7252
0.00398927 15.1524
12.9551 27.5352
73.7848 91.4982
21.2853 35.3415
16.2035 19.0447
35.265 82.1413
12.4496 71.2143
31.0503 40.0894
22.619 91.6448
65.5115 81.8946
50.0135 94.4266
31.6814 68.8833
22.677 56.6942
57.8491 72.5378
5.09536 28.6213
28.6253 43.2629
20.2478 56.218
11.7459 56.1604
30.0028 77.4457
46.2063 47.0874
29.2286 96.4904
67.7047 81.4712
12.5216 41.6782
7.79409 33.3231
35.1405 73.3056
15.2177 85.154
67.7322 84.101
16.8354 24.4263
6.77798 74.6845
35.3993 96.9641
40.227 79.7798
0.0275927 64.0245
20.1849 96.4451
11.7735 26.4479
58.8609 97.6306
72.6542 94.1211
54.1254 88.0895
29.7677 61.8257
66.647 69.6198
1.78754 63.0908
42.9254 78.3085
10.6575 86.9416
3.77698 62.4095
35.0839 69.1874
32.048 78.4615
4.58671 58.2413
68.6112 72.275
58.2689 68.7201
70.0424 88.7962
86.4268 95.1679
28.9033 67.8221
16.9928 80.5479
21.9475 42.3736
46.7605 88.5945
9.8513 11.9934
54.9188 90.3821
77.3236 88.1598
50.5693 65.5763
0.660156 81.1006
19.7567 59.5621
24.3434 32.7081
4.98312 17.8034
76.0722 92.9546
73.7032 81.7508
46.1146 68.8711
68.1776 75.0179
36.6932 48.7255
58.6407 92.0107
38.7712 91.0991
3.09249 47.2352
37.6173 48.6225
36.7823 58.0113
14.9409 23.5876
87.3516 96.0415
7.10828 24.2477
55.6036 56.9558
31.4517 73.407
24.4063 61.939
35.6421 49.4792
6.15717 95.5939
4.51327 74.3348
41.2065 70.6118
23.0603 62.6224
14.1594 99.8472
1.39363 47.0825
17.2519 50.0161
75.2632 84.6998
86.7984 99.6407
74.15 98.8507
23.0985 95.6822
51.2858 81.2582
12.7099 80.0543
24.6927 41.9933
37.1163 74.172
43.2735 77.6354
69.7658 82.1487
17.6083 40.3776
23.3552 40.6686
3.00002 23.2024
4.39365 54.828
70.2849 72.0799
54.4098 54.9846
41.2082 47.343
46.1938 54.6253
15.3582 50.3075
69.2922 96.6164
1.59326 49.3465
9.32634 26.286
46.4426 91.3398
0.457961 68.9752
70.2238 89.7161
7.32436 51.1239
10.6013 74.479
13.6014 47.9929
2.82092 97.6814
17.995 67.9663
72.4048 74.9008
22.2438 22.9509
13.613 77.5762
28.9711 68.4376
27.8837 37.7298
25.5875 29.4769
34.9138 87.0763
55.7629 78.4161
56.2209 81.3565
47.3913 71.0726
26.4447 98.5152
37.046 78.3969
26.3899 72.9942
50.6474 70.6757
29.2108 68.6424
4.11158 38.642
41.0471 61.5929
26.3554 54.6601
39.1691 94.793
67.0528 83.6312
9.21869 32.5228
19.5992 96.5297
44.1325 52.2927
25.489 98.0153
8.51356 45.4066
34.9582 96.5616
43.9218 74.9585
16.9161 72.0042
1.34838 22.6516
30.5592 87.5917
26.2337 91.294
32.3411 34.6707
61.0261 87.8266
26.9957 87.0012
55.8191 70.6324
88.342 94.0485
79.8511 90.5782
7.94113 23.9836
5.95643 42.8709
49.4726 51.3844
46.0342 51.3631
86.3427 95.2849
20.9927 58.3469
12.2009 22.3411
80.9985 99.7927
52.9003 72.2925
26.0264 87.571
4.63362 13.8531
48.5972 91.6348
4.41633 40.8488
34.8973 62.2672
42.1183 92.7583
0.699427 25.4755
66.1019 68.3464
6.65586 15.5746
19.7308 58.0189
6.07351 61.6088
53.3038 82.6015
64.4204 65.5047
4.94264 45.419
57.8429 65.2974
17.7115 91.3238
22.3451 45.414
5.17689 94.0112
13.9799 46.0257
76.2471 98.4275
80.923 91.1858
6.39847 18.3654
84.4674 91.8852
74.7449 98.5411
0.0419146 94.4757
56.56 61.6507
0.549202 9.86376
44.2522 64.9696
49.1948 75.3685
10.3886 40.6659
7.03778 28.1001
31.9897 52.4517
37.1666 50.4452
46.4629 64.4251
44.8904 83.1923
40.6722 64.1153
36.0762 59.0377
27.9614 70.5137
43.505 45.2586
26.5024 43.5469
39.7343 83.0624
5.19764 40.2835
49.4499 92.9262
5.25313 68.2947
15.6417 98.6447
5.68248 8.96057
40.9503 43.7418
58.1342 94.187
4.59712 78.117
58.6121 61.3093
49.4875 99.2844
25.4245 85.5637
58.3221 95.9383
1.82709 13.525
40.0275 41.1969
45.374 80.9312
23.0899 50.5717
16.0161 21.2146
0.0215372 26.4678
84.3107 98.6662
42.1095 93.2713
4.34872 85.8513
34.2216 62.4829
12.3386 80.0384
38.6505 67.0801
16.5676 73.6479
37.9349 99.0724
2.13124 96.2569
15.6563 95.0106
36.2075 98.084
43.4581 55.6838
17.1387 78.7737
38.3533 94.0297
94.0513 94.7897
64.8211 79.1005
6.9306 92.7175
72.3718 97.0663
6.59341 92.7819
59.5492 72.8203
18.932 26.6293
11.4708 92.5798
43.1968 49.4057
45.3281 91.6522
45.6626 86.6629
43.7467 60.9844
16.6681 22.8704
40.0091 87.2047
81.2345 95.4418
78.3624 90.2315
43.1835 75.2858
68.0033 69.332
41.7038 50.1141
42.896 65.0696
24.6188 48.2972
15.7163 67.2292
27.1871 51.248
59.809 94.4449
51.4613 76.5928
22.2555 39.773
0.757331 38.1241
60.9945 66.0021
17.4255 53.2069
1.0036 12.8673
34.4413 79.366
3.09878 9.7271
22.5494 72.4308
72.6635 77.7304
14.1345 42.8
15.5595 62.4317
31.2758 67.4187
18.6667 29.6609
58.4629 89.4699
13.1116 35.0558
40.9312 52.8846
57.3112 79.0553
23.3134 53.6419
40.0499 71.0674
41.0535 76.5202
10.9615 83.9346
20.4195 87.0334
20.6886 42.9689
59.4642 98.419
15.6324 73.5987
31.1919 41.219
8.6377 36.0305
62.4677 65.6914
20.9307 27.3044
40.416 55.1613
55.9865 96.0925
13.2977 93.3006
46.9425 75.1478
15.1977 36.611
13.1312 18.0099
1.94449 56.2512
24.0928 76.6707
44.7814 88.9779
19.6396 48.4421
35.272 43.2005
22.0408 84.4195
58.0712 66.4639
28.9316 93.0572
20.3616 23.7626
49.8623 78.9239
5.84876 60.7776
54.0783 75.0164
19.1464 50.1642
1.02076 55.7575
19.0306 65.362
21.6132 68.8887
20.9751 92.9815
9.953 98.2839
17.9234 37.7629
58.3951 80.9634
53.1954 80.4358
19.6593 65.3828
38.5071 58.44
48.5909 62.2697
78.8016 98.4532
39.5793 41.1936
4.302 16.21
23.4484 93.6575
66.3742 94.6783
31.7362 79.2059
13.7089 48.0946
34.684 53.3494
41.0761 51.6332
44.637 78.839
3.03205 69.5567
22.7521 59.8024
25.1852 83.4679
21.975 42.4114
83.6252 91.0023
62.4269 84.2447
25.4383 89.4556
2.00611 93.7576
41.6482 95.6636
8.02247 17.206
90.3419 96.4119
4.05077 39.7587
44.5065 93.108
38.7348 85.5826
44.7413 83.3718
14.2979 64.4216
24.224 86.4038
37.05 69.8717
49.4093 79.4614
33.0345 91.8467
70.4637 76.0914
59.9193 95.4613
1.52964 97.4674
43.1779 53.6769
70.8829 93.1311
51.2004 83.4729
67.2948 90.959
11.8013 87.5237
26.2585 84.0671
28.8083 97.384
9.63025 61.8056
43.1063 96.0341
80.1563 86.0296
35.4389 65.9058
57.7525 59.6177
30.0815 68.4734
33.8439 63.9347
35.3735 90.0008
43.6777 61.4022
54.5332 78.5514
14.5605 29.7517
38.0062 81.8553
20.7108 25.5299
4.77784 93.6567
51.7884 91.0406
33.5862 61.4186
52.8462 76.6925
38.8758 57.4527
23.3585 56.8488
16.4665 74.3147
42.7881 81.111
14.9548 46.548
6.72279 36.5488
50.3283 68.1249
28.8797 80.2264
22.6582 94.7869
58.6315 60.6643
76.6423 79.3422
70.2989 86.1942
37.9826 84.1201
17.7063 61.3396
14.1858 99.4012
56.8539 94.3987
51.2475 53.0616
27.3763 80.2124
61.3234 67.714
14.262 70.1644
76.2782 76.8872
26.6066 50.8108
31.0372 45.0121
55.4863 67.6703
14.1178 25.8241
2.4664 28.3346
14.5289 93.46
72.7653 77.5801
34.1049 52.5115
51.9127 95.2864
48.2907 89.6851
1.35227 8.76666
40.9326 88.9791
8.64669 28.7286
50.3025 98.893
22.9087 26.5807
73.7195 75.7802
20.7923 53.1872
4.75667 8.67354
30.5808 88.4626
16.7973 22.7913
16.2513 33.0472
5.81252 31.3261
83.8376 93.8314
39.9174 89.1178
35.7503 88.2081
44.517 78.8029
19.7355 89.5603
18.2889 33.4961
28.3822 83.7986
17.1819 51.2909
10.3792 92.9621
25.0104 63.5665
13.7544 29.7671
2.21707 72.24
60.3479 95.0313
19.0143 93.3951
11.2826 50.3405
5.11407 99.2076
34.1781 39.125
69.9284 94.2319
27.3331 73.0348
14.4455 16.8934
47.9415 92.7703
21.1525 35.1824
31.7401 52.3643
42.1193 72.4434
45.3264 97.4539
5.6858 59.0809
27.2209 77.9258
61.2979 87.5688
72.9571 80.3123
80.9639 84.2398
30.6527 80.1715
64.8308 89.3538
19.2965 83.5857
34.7593 46.6296
49.2047 56.6205
49.3907 63.5231
97.1463 98.7054
28.8864 70.5432
42.9867 51.0697
71.0057 96.3961
40.4405 76.6915
55.477 67.6615
16.7749 54.6173
27.5745 55.2303
36.1942 97.0872
11.8142 27.7399
1.16807 16.3657
35.6623 92.5708
27.33 84.7538
41.3742 82.2919
45.815 76.5348
73.6811 90.765
44.5204 61.3082
2.56745 95.5901
4.29491 73.5732
44.7354 91.9862
47.4632 50.2647
4.88203 12.3969
64.2382 67.6272
32.4565 61.3254
3.82147 44.2707
20.1872 89.0653
45.4388 81.6361
30.1926 55.8495
8.96616 38.1414
71.5668 85.5009
62.3318 83.9564
28.4767 59.182
23.64 61.7495
24.0668 27.9349
16.0531 35.3226
72.6703 85.5873
63.5163 85.0673
27.7545 90.4694
22.9258 52.6945
56.516 89.0799
67.1966 78.1452
12.6353 76.7032
32.5527 59.7813
42.8279 68.7475
14.3947 70.6941
54.2484 54.6504
13.4304 76.7265
0.366448 83.1272
7.19402 75.1799
10.5025 28.3013
0.971678 23.2471
86.7634 96.0899
86.0389 86.5592
14.5179 38.7334
3.59786 9.48506
76.6816 95.2494
71.9526 81.7431
41.5245 89.317
4.50525 32.1449
10.272 75.1993
46.5396 64.5204
23.266 29.8498
12.9769 77.9508
23.6325 53.1308
20.171 51.9338
43.4181 63.6333
52.9055 59.7232
30.1815 38.9444
44.6994 46.2824
55.7674 77.6778
48.2973 72.9272
30.0404 32.4491
21.766 44.8798
49.3851 71.5648
53.9109 81.8368
0.45043 24.5844
46.3572 54.4342
23.7164 24.3081
47.3489 67.4111
77.4388 87.5821
41.0721 99.2827
31.0001 52.1882
0.795262 61.1816
47.0776 91.1326
5.88106 68.8105
2.84508 54.1784
35.2941 41.7377
84.2188 86.6175
55.7836 57.0602
10.971 36.0026
37.6204 60.587
11.4215 83.9776
15.0212 35.1379
8.28566 82.4323
82.4868 85.7245
70.0144 81.7695
1.01454 26.7966
27.5918 33.9577
25.0903 62.1962
68.0772 74.6695
77.5146 93.9008
22.2556 35.6385
6.47434 12.8087
22.256 69.8689
58.2586 62.2579
80.8399 99.8784
18.8456 92.2614
33.8668 83.856
27.3993 92.1416
9.88609 16.2991
77.8661 86.3135
4.66267 91.6556
25.6133 87.328
32.2545 49.5242
6.92397 50.7036
17.6014 44.6044
39.857 84.4385
80.2429 97.2472
2.49889 46.3314
8.5893 67.1161
47.956 60.7575
8.46765 79.6031
40.2174 92.3236
13.4699 67.6166
29.769 84.4653
62.3313 77.5027
16.0825 69.1583
3.41054 66.994
94.7717 99.2485
45.4753 52.9347
6.17249 70.5362
90.0797 90.611
10.3932 70.3226
56.7245 87.8583
54.9743 72.8215
33.579 65.3138
2.93034 73.7815
13.1821 43.1477
26.652 66.1051
10.7643 50.5704
56.421 88.2671
12.9017 72.5035
57.4254 79.8957
52.1971 75.914
28.8488 79.1442
85.3167 97.6724
87.7521 99.3849
9.7781 75.9277
58.0747 63.786
30.8962 66.5026
18.7603 31.8165
21.6907 64.4752
5.59795 77.6573
64.8384 71.703
4.30927 75.6027
22.2734 60.7303
35.1751 63.8698
21.2952 33.2337
9.14775 15.0708
73.4923 94.2151
37.9965 71.1646
37.3814 79.5318
55.4595 58.9167
16.9914 47.1595
13.6622 19.2455
38.0059 47.8876
12.3628 45.4786
51.0766 59.6966
24.535 90.0201
22.7796 94.3294
0.137688 45.053
55.0596 64.0075
80.2281 88.2934
85.3027 95.299
58.7949 97.4411
35.4376 89.514
29.9595 69.0458
72.8191 88.8763
19.9786 24.5054
5.86766 43.7509
33.6408 53.7553
79.1194 81.7568
41.4533 66.1181
30.196 56.1382
52.9756 65.9883
50.4676 66.126
5.52723 98.0286
30.1335 78.2568
15.4361 93.8206
73.5557 91.2617
63.0698 74.2311
4.1906 26.6993
32.1156 99.5184
56.621 93.0669
19.497 98.9345
0.371848 53.1378
52.6898 82.1286
18.8079 32.2572
23.582 62.4531
74.9461 89.5703
15.4288 25.4137
13.4574 55.6962
30.9409 85.8297
24.7615 91.7142
1.26583 65.2699
16.0232 75.4969
28.3397 42.7226
60.4553 79.6875
42.241 72.7543
17.0763 61.7379
17.4481 71.6889
14.8757 24.3787
47.1329 99.5767
23.1587 43.1866
9.58602 18.1327
12.7289 25.0148
43.5464 68.4252
38.4722 74.4873
30.1864 54.2549
55.5207 99.2489
15.2721 95.4563
23.796 31.0176
10.7051 57.9947
0.235606 84.2513
1.32758 83.4594
55.1483 61.9736
18.7757 76.8493
18.3524 79.5269
22.7135 23.9821
33.5681 41.5111
40.8461 54.2401
58.5829 84.3925
22.6652 97.0551
58.8799 76.9201
27.2415 58.1287
22.6978 32.4408
63.4584 73.4008
31.3954 46.4938
30.7451 74.1635
31.6311 57.6229
32.0726 93.6046
12.7712 50.8483
70.4539 92.2981
69.2008 94.436
10.7119 15.0116
28.0041 55.8577
64.952 86.5871
40.2502 87.6172
83.6422 99.1301
10.8836 64.5373
57.2588 96.9781
30.6596 33.5814
60.4365 80.0751
34.6 62.055
10.8202 93.6861
42.8928 92.2229
4.99411 87.2907
57.7445 93.7412
62.942 97.2922
12.3038 52.1805
73.6539 80.1847
38.6058 68.1615
8.41169 66.7717
26.223 50.4139
7.54177 90.7604
61.2975 64.8006
87.7385 94.8789
48.1751 95.4601
57.5152 74.954
82.7751 85.7742
51.2012 74.998
28.667 38.4919
22.4082 79.9921
77.2843 96.2365
48.417 85.3501
59.004 89.5881
28.6016 57.7495
95.3734 97.6098
23.8329 66.1612
45.7872 73.703
7.08473 14.5932
2.33174 38.5036
1.96359 33.9637
50.5068 76.9176
33.2819 91.4789
42.6801 62.6918
8.2799 91.3587
81.172 88.272
13.7669 77.4085
65.5564 99.117
25.8255 55.1445
54.4271 58.121
12.894 55.7309
49.8005 79.0552
79.5637 95.5877
52.7582 94.1569
2.67242 91.2618
4.63601 96.4887
25.2255 46.9955
16.7043 81.5536
44.2453 80.2774
59.3844 88.5573
35.6041 40.5564
49.371 76.8293
17.9649 42.3857
43.7904 48.4881
6.60909 97.5301
10.4241 98.2175
48.0179 62.3399
41.9037 89.4793
42.2376 43.6056
36.0606 46.278
32.5493 33.4994
50.914 58.7249
32.4676 79.5448
59.8221 75.4292
34.8136 76.713
12.3171 48.3794
25.2087 75.3701
61.6881 93.335
10.1761 67.5943
37.1254 65.1244
16.7852 35.3428
75.5485 79.1252
65.0279 83.3607
21.0288 26.9663
7.26543 57.0894
40.7648 73.2444
24.1584 89.6387
69.1834 99.4897
56.626 74.9189
29.0056 33.339
9.73252 77.3849
45.656 85.1026
2.59357 7.3441
70.1879 78.4376
15.563 17.5202
34.3054 35.3123
10.8608 50.9058
13.4306 34.2665
34.4594 75.8887
61.2329 83.1541
34.4772 91.5488
23.9189 81.1875
23.4086 58.6356
15.2616 50.3709
79.3765 98.3274
8.05994 48.6006
56.7614 94.2566
59.355 93.1625
1.60072 71.6002
19.1209 29.5429
64.8552 87.1631
38.069 53.4264
66.857 75.716
51.6047 72.3355
1.31639 33.5684
34.7588 92.8652
58.6777 68.0456
26.6812 74.0527
24.4236 82.0862
41.9428 80.4136
3.80014 90.5434
60.5616 88.4736
81.6361 84.8001
19.9165 86.4008
49.4594 53.2363
5.52172 40.3994
14.3146 58.9481
78.4684 90.0306
25.8051 50.8039
27.1215 41.6352
76.394 84.3723
19.9867 52.4179
35.0717 94.0394
17.1579 79.0991
18.463 21.042
22.2631 97.5715
11.5854 86.0451
82.8247 96.3855
2.74125 67.6812
20.9175 82.7862
52.2007 88.308
61.317 66.5153
39.7854 47.2561
56.5458 73.0611
90.5893 98.1811
0.182624 74.9616
20.1693 74.5751
9.64676 27.3795
6.47858 14.2087
26.8046 32.6717
24.3762 27.5206
39.106 54.9348
10.4213 37.7595
35.4915 78.1025
18.2777 40.5008
92.7014 99.02
6.58565 60.337
53.8417 59.2167
0.122395 15.7625
26.9029 90.7117
13.9436 27.0855
65.6732 88.5187
47.2548 93.0527
61.4634 98.1655
24.9701 99.5313
27.0518 94.1351
49.0699 49.3463
59.7676 66.1578
1.64927 86.8294
27.3302 37.8701
19.927 36.8901
20.0316 26.5126
79.2483 97.2272
80.3543 97.3495
7.2572 95.0108
8.95446 88.0612
34.3427 53.7344
81.5975 97.4732
46.7871 95.6387
43.0609 46.3184
20.6088 37.196
69.9551 73.3702
39.528 86.266
29.7227 73.0954
41.1773 67.5927
0.425597 61.1043
4.48288 20.4572
1.71003 87.6169
67.9712 99.7055
94.7164 99.0596
75.2284 87.1208
3.67083 9.57108
1.144 40.8552
87.6424 91.1686
34.2295 96.7827
17.3914 33.9608
7.33098 71.4255
57.6915 87.3465
17.0692 46.859
30.7869 88.0363
31.2124 84.6619
49.1406 89.1448
36.7574 51.6697
51.3752 90.8548
4.72865 89.9144
46.0916 79.9571
49.7624 77.0352
17.8905 89.5281
50.9064 80.6967
5.53282 47.689
14.9262 39.4936
65.0805 86.3516
46.8246 52.427
44.0431 93.6836
69.4962 74.83
54.1581 81.7199
6.0424 30.8605
43.3029 57.7121
34.1577 67.6179
9.08727 72.3466
24.0721 55.1788
1.10733 52.3036
4.94124 41.8317
18.9978 55.8476
22.5284 24.5306
3.53668 37.4546
64.0242 68.6172
10.8487 23.8062
21.0442 67.8493
4.53232 90.5403
42.6793 86.2522
44.6984 48.7217
17.1127 88.0013
6.43375 84.7306
15.521 22.159
46.2311 57.0771
9.38072 70.6999
47.3385 75.6411
51.2125 66.3363
31.4887 73.7409
35.0254 90.8669
11.1955 54.891
3.64257 35.0017
24.6867 65.7398
2.851 70.2721
15.2271 45.5303
56.5243 59.9255
73.637 94.252
0.685707 47.9268
58.3675 70.0859
15.4446 16.2067
16.317 86.9066
24.8254 63.6555
62.5477 76.0378
29.9917 94.0364
20.8586 49.7787
29.0618 60.9741
32.7044 75.7496
41.4894 95.9758
57.3911 98.8268
11.7615 72.6182
44.3571 68.2858
32.5437 38.6091
41.9228 80.4705
0.290322 39.2948
50.5564 55.5015
15.735 66.8734
40.5603 42.4081
4.95576 30.5289
16.5982 60.5206
66.3768 98.9922
28.054 81.3792
27.351 57.1288
23.3268 60.7584
18.1495 98.6183
10.3798 22.1536
66.5107 90.7677
23.3114 78.6656
5.11978 20.5884
3.78195 44.4145
20.8787 54.3383
36.6137 99.916
21.2117 42.3241
51.7406 77.174
47.2799 93.7722
12.2612 46.272
60.149 93.6404
74.326 87.5
35.0844 50.7693
10.8268 49.3875
32.9804 53.2339
44.0016 59.7673
38.4329 99.4912
4.61094 67.313
59.0213 71.0949
49.0255 79.9
25.4333 48.9415
16.5137 46.645
91.2656 93.6877
38.5455 98.3856
10.6468 87.4599
47.6089 84.8175
4.28726 59.1435
35.1089 55.0565
45.9357 94.2279
4.44405 47.4618
64.2114 78.9161
78.4073 91.4634
2.64426 58.7764
61.6656 83.0182
29.8713 32.0437
41.5656 55.3046
58.0793 80.9852
1.94959 72.2508
0.335206 51.767
10.7963 39.2268
10.982 95.6138
15.2693 86.8357
21.9446 54.7573
48.9852 70.3258
67.8803 74.7699
46.7964 96.447
38.9812 87.9103
25.2037 41.6255
8.22197 46.6867
3.29105 76.558
40.2657 44.8566
21.2509 31.8625
2.93587 33.8121
54.7028 93.5017
4.29801 34.1473
45.1294 93.9297
80.7654 99.9118
54.6691 60.3987
2.70998 30.7245
3.6543 70.5903
0.101264 5.49438
17.3867 44.4756
42.5905 88.0116
34.6983 86.1011
50.8124 89.3922
11.2562 91.0781
34.2488 43.1188
12.329 37.1846
5.83071 76.9309
11.0783 91.8875
10.1287 85.8171
10.0405 56.2076
16.6063 66.5825
64.7096 69.2925
47.3308 68.3639
39.8828 52.8252
57.2695 68.4652
56.4768 97.3008
83.4019 99.8599
50.6724 91.175
2.43128 72.7941
7.04284 41.7505
45.5501 54.0795
22.481 44.2275
36.1149 59.9102
33.5592 70.0389
21.9321 89.7669
80.0794 88.5145
6.37323 44.7891
53.7041 57.807
13.153 97.6898
6.52927 81.6182
3.83008 54.9592
38.095 54.8192
29.27 87.232
5.49154 60.0261
31.7013 47.242
67.0689 77.2513
1.32148 11.2964
61.2317 99.7323
33.2916 47.4113
31.2706 69.3434
11.35 23.0585
29.4317 57.8579
15.6649 56.1391
69.2921 83.1358
13.3547 89.665
50.9102 68.3139
89.0052 93.4951
23.1331 80.7271
18.2752 28.6247
40.7532 49.9765
7.82206 75.8667
27.2278 77.1881
19.1184 26.9602
38.4198 66.5297
60.2517 69.6904
35.8731 83.3102
81.0404 93.731
12.7419 37.1795
9.39592 95.8777
6.47153 22.7506
57.3818 85.5427
79.0378 91.0646
14.1977 46.387
59.7649 64.6622
0.518019 42.8223
14.6387 18.689
8.34008 41.8666
27.4585 95.8771
34.2969 68.8267
29.0785 93.9882
3.98732 29.8613
12.3887 85.0277
23.5923 25.1306
22.2072 32.9882
21.0082 28.6787
6.55089 55.7389
46.8034 86.0605
32.4475 85.5887
45.3535 61.0011
3.8234 97.1097
11.7484 45.8715
22.5124 54.2116
18.3895 53.615
22.4417 81.6701
52.6864 75.6584
51.5202 56.6738
5.51968 63.9088
29.112 41.7015
63.9087 89.0394
10.0476 62.1003
17.8391 92.5874
16.5985 78.6479
2.18718 64.6425
11.0954 25.6436
8.20509 47.5407
29.467 93.4122
19.9535 51.9794
47.6238 73.5685
29.294 70.3689
23.0553 96.0102
4.95231 47.5304
10.472 79.7291
11.4393 21.4306
0.478671 39.584
1.68425 85.3392
10.5263 77.9266
19.5234 27.1248
56.5745 84.1659
29.312 67.6699
9.80953 76.8527
39.2765 75.875
70.265 95.8285
17.8888 91.2559
61.6248 69.397
47.1828 65.4072
52.1351 84.6801
12.9376 64.4092
24.3769 62.6071
2.19108 85.8398
24.8556 71.179
3.87534 35.3819
23.3987 49.1056
5.68014 62.5067
7.56462 91.8187
17.3742 73.35
49.225 68.6715
38.9364 56.6507
45.0535 47.9066
14.4505 56.8252
4.008 9.53143
79.8577 94.2116
56.1431 92.7954
18.7502 58.6208
17.1723 44.4606
20.9413 42.0278
15.6396 24.8166
64.7453 77.4097
39.9164 48.2153
55.7799 70.4254
31.7351 43.7754
0.4066 73.1541
29.8048 93.0004
38.0539 39.343
77.7114 96.1682
52.5044 87.2428
0.176238 32.3621
56.3193 81.4544
25.1575 40.0752
42.3297 75.0695
84.5358 96.0108
0.175395 84.3576
20.8273 61.7673
64.9207 69.0426
1.68367 35.3461
24.8226 33.4188
79.1215 97.9766
33.8254 72.1219
27.7814 73.1684
5.49279 10.1758
62.6802 69.3367
69.5129 92.7356
74.19 95.0423
20.1998 25.8322
0.901736 14.2651
62.5295 98.8009
46.8871 96.9125
17.7398 98.9763
8.65433 63.897
10.338 86.7825
11.605 99.243
43.7568 78.3646
9.58168 77.5822
37.3631 50.4865
50.7507 60.6623
20.0873 42.8559
23.3425 35.5915
18.3848 89.6003
9.78144 15.4325
24.0466 38.5846
1.11411 16.3342
13.2467 22.8475
21.8238 48.0012
30.9865 56.6555
17.769 85.7207
66.9935 84.9638
10.7503 29.374
38.9557 63.3283
13.8148 88.3326
39.0832 76.3188
19.1747 74.4771
59.1706 97.8196
48.7709 54.7662
16.2044 64.5476
54.789 64.2034
80.5376 88.5942
11.4417 55.9031
3.90432 93.7843
24.7709 33.2654
18.9862 60.5598
27.5533 42.5399
3.94995 71.9139
38.3037 67.2783
10.8696 26.6362
81.0931 87.1885
55.5702 65.7195
6.36317 24.8901
53.3899 61.1293
69.5943 73.6609
25.677 37.8643
14.2711 24.3834
18.4019 80.2865
12.1862 25.7128
58.9783 84.1908
36.957 44.7507
77.9644 79.4969
72.304 81.9144
10.6076 51.4108
49.1927 62.2805
30.2858 37.2439
2.96335 49.4689
55.8321 85.856
27.8534 39.2459
1.51434 16.9614
8.84025 42.6384
33.2236 39.3786
56.9096 57.7805
13.5101 82.6224
69.9667 97.701
6.92369 41.6006
19.565 42.4516
14.7556 86.4206
1.47942 37.8314
25.3633 50.6721
0.111868 62.6072
49.5808 80.9579
65.5705 66.8139
5.41291 93.4239
6.05985 22.3744
14.9001 94.9383
34.3169 65.0128
21.9223 48.1237
61.6338 92.0974
4.5447 62.064
46.1453 59.3348
1.78645 68.9877
55.4083 65.7104
16.5421 67.1898
41.9053 93.2397
17.8619 93.3516
4.5125 98.8198
42.9324 70.083
48.3453 65.6337
63.5069 71.6936
58.4452 70.7196
35.7324 86.5937
34.7174 92.7621
57.6547 84.8594
62.1994 96.3512
46.9234 55.686
8.34475 15.9112
57.4725 74.0551
71.3194 74.0145
41.2449 64.5591
15.9199 59.1068
20.4324 57.9107
0.843054 57.9266
23.5603 90.5154
49.1883 54.0223
19.908 95.2539
12.4675 81.8475
5.22956 55.6404
13.2951 16.5649
12.9161 90.089
37.0124 75.4945
68.6021 83.8393
26.0746 52.9236
24.243 57.8944
0.0891164 99.1393
16.009 88.8022
46.7129 58.2461
16.1727 36.4414
26.9568 47.5559
39.733 96.7442
34.9869 80.9791
16.6522 93.4466
16.8344 72.2926
33.3992 98.6762
85.5876 88.7652
46.3153 61.0821
14.9174 25.7776
44.9214 78.7012
2.81578 40.992
2.94423 41.0811
1.95508 91.7464
57.0901 60.2012
38.4593 93.5315
76.3739 86.0152
16.1069 20.4883
1.46741 82.7594
51.0937 99.4116
67.9281 94.914
71.7042 93.5902
1.32735 57.2918
47.6427 82.3553
8.13292 18.374
62.5601 63.2954
3.55213 86.8341
66.1112 89.7783
44.6333 68.0662
1.72339 81.5247
19.984 28.2674
4.6413 95.2549
5.99919 15.7432
20.7482 88.7586
17.2107 71.8419
12.1247 88.1703
39.77 59.8745
5.71483 41.0974
17.1663 88.0702
35.5403 88.74
51.3001 96.2031
83.0372 98.8356
54.8523 64.9468
72.8155 99.4855
33.013 54.3403
1.20893 61.2805
74.3243 96.4639
65.9218 80.3235
12.2071 86.6699
29.4177 69.0821
57.2523 58.5118
41.5424 98.2818
17.1268 47.2572
34.2931 39.3792
28.1192 35.3274
31.5305 69.8333
68.669 79.4194
14.5677 34.2716
33.6158 87.3832
33.7572 66.6288
34.9661 41.7234
16.0477 27.9093
31.43 93.8311
43.6371 96.3712
65.4532 80.501
39.0128 73.0548
14.5972 22.7056
37.2947 39.8324
61.8545 76.6739
74.1254 97.1819
4.79308 43.9588
28.7123 84.2124
12.6278 43.28
18.4841 46.2435
30.6632 52.2413
12.8724 72.3866
40.7817 87.2074
18.6374 88.4343
34.6127 84.8055
15.1137 62.2744
35.3293 50.2587
54.1265 72.9643
49.9265 91.4212
11.7809 12.7966
68.0951 86.9221
8.96279 72.8882
30.8809 37.6751
43.5086 57.1006
75.5847 80.9551
11.6182 89.7522
2.62453 27.826
15.0334 84.0048
43.4062 72.4391
33.6708 78.0189
57.2446 95.9452
7.50327 93.1326
31.2745 47.2592
80.4675 81.201
38.6804 93.2642
6.77543 92.9819
1.94468 80.1863
11.0672 79.6636
36.7642 39.6198
20.5749 54.5758
12.3489 44.328
32.1931 40.1749
16.198 46.9525
55.2082 90.3587
88.6371 88.879
45.8817 68.3776
61.5102 84.8242
16.0987 53.385
8.76936 33.8525
47.4497 97.2997
27.1167 90.2816
7.30299 54.2252
33.8887 92.2262
18.3702 31.846
70.6529 72.946
52.4209 83.0018
17.2739 84.614
23.1767 64.2264
0.811994 78.3849
54.5851 89.4491
22.9627 67.2639
35.3308 52.0882
84.4729 88.7157
68.1869 93.2423
22.5682 65.4865
40.692 49.6849
55.7681 94.9172
47.9943 56.9879
28.8059 75.3581
79.8404 99.4588
32.2613 48.304
65.578 82.4606
5.63726 16.8753
17.6873 29.8044
84.0222 84.3895
7.13638 51.2861
7.35225 42.4672
3.37424 91.8252
31.1829 71.5611
53.7511 85.0675
25.7595 37.0477
3.43606 92.8158
20.6766 60.424
40.8101 49.4825
20.6505 35.7821
48.9413 84.0861
31.4019 52.9117
49.6641 69.787
37.0392 79.4685
21.0614 87.4743
63.858 94.6107
71.2102 72.3474
37.0778 75.7217
63.0354 68.2607
47.2828 48.1029
22.0118 84.3305
25.4479 73.8624
77.1462 94.539
17.9563 85.8719
21.6539 44.0215
38.6068 92.9628
5.74004 91.5185
24.3647 55.4041
61.3055 61.4039
34.8726 48.7798
82.4653 98.7306
43.3904 54.8127
69.9408 80.4683
30.5344 32.9763
48.729 77.8172
70.7408 81.0792
54.9415 62.1477
39.2939 96.1887
49.4805 82.0605
57.2502 93.502
3.71445 95.8569
9.45449 86.4648
10.8296 87.3754
48.6809 64.8586
72.2335 99.7312
54.6988 97.4607
40.8511 98.4618
9.51152 68.4026
21.3194 40.0459
1.37886 70.0483
17.8631 82.458
40.7891 80.0108
36.9778 37.3995
19.3047 86.88
19.0383 76.5549
22.7528 80.382
66.8468 72.4118
32.2072 59.7872
77.6764 97.0658
8.46815 49.9098
5.92884 96.797
4.60863 95.2588
14.1201 46.78
63.6614 68.0994
54.1661 65.0402
38.1477 72.0292
47.4983 78.9368
52.04 84.8978
15.9146 71.3447
34.9529 71.7778
47.8996 52.1598
20.3114 57.7057
19.0066 89.9129
80.0987 96.683
86.9787 88.5668
46.5928 83.7758
51.2014 94.4957
41.2756 79.0345
42.6959 65.3216
9.37498 19.4877
7.73616 47.5227
55.2344 91.5169
26.4595 43.5569
40.1322 42.3741
11.91 14.9016
62.8012 77.3271
35.0327 64.0698
83.0764 83.1127
24.9456 63.2113
11.9244 79.7594
26.3522 51.7781
46.2738 95.7001
74.7347 77.5536
42.8752 87.5494
17.4306 96.9244
25.1668 62.3629
44.4471 53.8798
70.9066 80.4012
20.5334 97.4367
12.3383 13.2807
32.4434 90.6078
75.1396 96.5132
25.6405 58.2522
50.5861 79.5896
21.4635 59.349
62.5105 73.2416
58.2107 85.7012
19.5154 63.2548
7.0648 32.9454
6.12998 50.3759
3.98918 68.4928
48.4362 75.5427
22.3726 55.9439
19.3428 19.8093
32.6236 76.4773
8.92066 32.1476
7.28715 23.2313
5.43386 48.8718
65.5394 85.0235
87.0029 99.458
44.3725 61.9685
30.0736 60.2445
20.1792 79.7599
53.1245 93.3284
86.8247 99.4584
3.5005 90.8139
67.9512 79.0432
39.2502 90.3238
34.9871 58.593
10.1331 11.4643
42.2807 91.2165
14.4479 20.385
25.8189 49.5678
15.1072 63.3197
10.8423 62.7777
2.11009 55.2148
24.7462 62.3546
44.9254 85.2884
42.1146 78.6168
28.9393 98.05
1.55046 78.0752
19.7532 46.0264
59.0034 80.5937
15.5807 36.3502
17.5964 46.4833
8.81293 27.0451
47.4301 88.764
23.2608 38.3318
73.2489 86.5805
53.439 84.0912
49.3582 55.5491
39.306 74.1044
17.9037 24.5944
19.0299 60.0183
3.21118 17.0798
81.2863 88.9576
8.7108 18.6303
27.3127 99.224
63.6629 67.7142
14.8047 85.3106
10.1462 41.8498
94.1235 98.9102
17.3843 89.2798
37.242 62.5288
3.96482 90.681
46.62 53.323
46.2301 85.926
27.4275 64.1338
10.5204 46.4573
13.7316 24.152
13.1096 63.5371
82.1674 95.0179
21.8204 22.3307
81.3914 89.5346
85.9936 96.1961
74.8452 96.1398
38.0458 68.9687
27.3257 95.05
32.292 86.353
89.8545 90.3178
22.973 36.4745
43.6408 69.2031
22.4005 71.0683
32.9209 33.3369
17.5256 57.4889
46.6525 81.0628
41.6705 70.5985
63.2302 92.4189
44.6216 64.0011
49.9947 81.9536
40.8177 56.7987
46.1345 78.8635
25.7674 41.1846
6.18918 12.1204
73.4766 96.0436
2.43822 96.4496
32.5181 46.0791
54.9186 65.6527
17.1474 98.9896
34.673 87.8395
34.492 56.4785
15.7358 27.077
76.1625 78.966
19.496 40.1636
1.44954 23.5876
64.4052 90.1583
36.2929 58.2483
43.2687 84.0157
49.4579 77.4774
50.954 96.1361
45.5015 98.5743
47.4036 78.0196
13.0563 44.6534
32.9382 61.8008
12.0459 20.7777
68.5244 96.4738
12.2096 55.2697
31.4322 95.6015
15.0974 91.1755
14.7631 71.5958
16.547 61.7541
74.7953 79.1683
22.437 98.047
58.811 75.5244
54.9471 71.8949
17.3964 26.4785
53.5214 73.8821
95.416 98.1748
28.3542 86.9384
59.9756 98.9843
49.1318 56.4494
4.40154 67.5087
63.1102 68.6589
35.8337 59.8344
7.42949 78.2076
74.5975 94.7546
53.7658 69.1836
67.2306 69.5499
28.3608 76.2028
42.755 48.0977
69.2335 83.3079
36.8293 65.4941
43.1156 60.91
30.054 35.0041
89.2642 94.9797
29.0384 38.3961
51.429 96.5471
20.0879 42.7976
59.6573 78.6313
37.865 79.9224
54.5199 86.0608
32.6196 55.2444
2.16946 8.2857
22.475 84.4885
30.5303 65.23
13.8382 32.5862
34.4636 98.0803
50.6675 77.5792
58.9903 85.6716
7.63321 48.2545
36.6716 80.6513
32.0803 86.6506
29.4482 33.2187
52.1682 92.876
8.07947 32.0906
30.741 94.1403
63.3605 86.6105
49.3847 94.8962
65.53 71.8597
79.3847 96.0603
11.9709 37.0897
9.89849 71.5533
10.0512 60.566
49.1324 69.0415
46.2376 56.7657
17.296 26.8889
3.9466 93.4372
26.6559 58.9692
11.1374 33.3948
19.532 41.4742
43.228 50.2729
29.8385 35.6145
13.6335 84.9992
24.7347 79.1635
4.11942 56.8589
75.2238 93.9486
16.0903 85.1223
26.1415 65.5019
14.6343 45.6883
91.9259 95.183
12.479 71.4
18.8147 64.8372
16.4256 77.7839
49.8204 91.4931
11.0251 88.9213
32.1493 91.2946
26.9092 61.298
61.9878 74.9315
11.9083 86.7225
54.095 68.7672
29.3188 90.842
6.93228 62.7158
14.441 28.2176
33.0738 60.1293
28.2568 42.8519
14.2519 52.0551
40.7359 70.8699
57.1615 79.0891
48.6538 70.5822
6.9819 37.5751
81.6073 98.2766
42.9054 69.7244
25.1857 31.7122
17.8369 37.094
18.4348 71.9319
5.86124 9.2767
1.25069 68.577
15.6917 16.209
49.2828 96.7946
39.6466 75.821
27.8762 77.5396
18.2755 53.8985
32.9875 98.746
47.3998 75.437
3.56976 82.4189
84.9749 85.1771
54.6992 80.6954
5.88112 28.0825
45.9194 86.4115
4.84622 42.9752
17.8513 48.8364
14.1229 19.102
17.4134 30.3319
14.2081 34.7937
10.6147 79.6147
53.8546 57.1543
7.75309 38.4909
37.2369 75.4298
40.7406 50.8667
44.3104 84.6367
33.2856 69.6116
13.981 29.4875
24.3108 57.5699
10.7223 19.8621
3.48933 62.8373
15.5685 21.3406
11.6737 29.6914
29.0871 40.4426
60.0234 75.2363
39.6381 43.2951
85.8511 97.1498
24.342 96.7924
4.90287 72.2221
45.6435 61.5789
23.0888 46.2156
56.3744 89.9539
15.8272 19.4413
40.1381 70.3554
77.0113 90.2175
50.8604 80.5006
53.0547 66.4289
1.84124 64.7284
42.2838 96.1204
56.1437 93.8154
17.5202 37.1106
3.37122 95.7818
34.2604 92.5741
27.7132 39.1632
64.7963 89.2921
84.8067 87.8851
35.5077 74.7606
44.2595 51.335
14.6148 94.2019
71.2132 91.473
4.83229 42.3334
51.7138 57.887
8.76236 53.5551
4.88273 22.6154
16.4308 95.8389
13.3591 61.0265
53.5414 56.8082
16.7303 87.8017
44.4435 49.3824
14.1786 26.965
11.7717 33.7356
2.0637 69.2433
46.3232 86.5323
20.5782 80.7342
12.0513 60.938
51.9474 65.7703
3.6612 54.3847
23.6573 63.147
46.2726 57.2163
53.0552 68.0298
29.0562 62.7034
16.2448 66.4142
83.1445 85.8645
4.04654 35.2468
27.588 31.0115
49.4255 61.3236
42.7832 51.4892
29.3154 30.5668
51.1451 97.8123
10.0496 58.7503
61.997 63.1963
17.581 24.5206
48.1779 65.6582
22.8745 80.7281
48.7578 94.4505
57.1539 75.9296
42.3439 77.8141
63.6785 73.3987
25.4884 77.4453
53.0764 98.9254
8.45678 48.3508
14.4 51.24
44.9668 99.84
80.5554 97.6523
90.605 96.1119
56.4026 59.3082
52.602 80.9233
18.2602 76.8892
29.1011 57.6173
23.5516 41.1346
6.37513 17.0643
80.7056 84.1892
54.1043 59.4081
47.8677 84.8965
31.5496 46.7931
37.9729 40.0064
52.3729 95.144
91.2463 94.984
71.8017 97.3397
92.6363 93.4515
49.0389 62.4067
15.0087 52.7597
29.6489 29.9622
33.2689 59.0633
74.4035 87.2662
82.615 93.6413
63.3205 91.4678
50.8759 77.8305
17.4249 25.6983
35.7724 48.9745
72.4914 73.7453
67.6354 88.9809
26.1182 80.2272
23.4578 62.6193
52.029 55.2556
14.4357 16.9094
4.29453 69.6691
29.4444 34.2567
62.7133 99.318
86.5842 93.32
37.1168 75.935
28.5847 80.2255
39.2555 58.0561
56.6804 79.4606
15.233 83.7543
5.65491 56.2457
88.9784 94.6358
15.0966 23.8811
74.8631 86.5004
26.892 38.5544
41.756 55.4638
41.3277 46.0505
25.1328 70.7721
24.4508 80.3072
33.4854 73.6272
11.035 70.6023
49.5622 91.2605
88.8178 99.1869
49.3166 78.6475
33.0709 45.4982
51.1531 93.8805
82.8589 89.3167
13.1978 45.7889
20.6519 97.9555
36.5099 99.6982
41.4542 47.5439
88.8717 91.9736
17.1065 87.5047
59.6438 67.8119
41.5573 93.1292
41.4392 52.5923
63.7314 91.0014
43.8529 62.9184
79.8191 93.1695
25.3173 41.5659
26.2404 35.4464
15.5571 76.4704
18.3053 22.2592
16.2607 28.7548
28.453 42.9112
52.7706 90.4551
44.7442 69.9071
57.4118 79.3268
38.9706 61.8507
3.40799 25.2237
32.0998 66.6629
56.0003 95.8312
57.6643 99.8532
37.4834 58.7496
0.315417 93.0226
19.263 62.8007
35.7618 39.2711
34.8201 54.0671
61.5304 63.5749
4.44152 70.3278
23.0984 92.0279
61.9351 94.8966
67.8426 74.2234
19.3469 29.6933
13.194 44.5706
33.1013 45.2937
11.2336 89.1016
41.1249 68.8979
88.9548 99.8745
6.38129 81.9774
0.189914 69.182
1.24041 35.9517
8.45314 36.0605
69.9835 90.0188
60.3466 99.6354
74.425 91.6633
69.3216 83.445
51.2876 53.5984
43.5451 72.9453
56.739 80.9809
14.0822 17.5159
2.03276 28.7495
3.18384 43.1577
92.1386 97.6473
4.02863 43.0322
43.2221 74.116
73.2107 75.3564
79.1738 81.6638
11.4169 69.1926
11.0523 51.6473
26.0723 29.5392
2.71567 12.9842
56.3141 95.3939
38.939 64.2718
29.2594 45.2527
46.7753 95.678
59.3349 97.7108
62.5188 75.5248
40.8685 73.1721
54.6574 83.9007
28.7734 77.2008
27.1228 50.4114
4.12977 6.29659
15.5467 32.0752
75.4892 83.7225
5.02837 26.599
9.79481 29.3147
5.18875 18.0125
82.2843 85.6287
14.8881 44.1278
27.537 39.8058
61.6634 86.8719
37.1882 37.5166
49.3907 78.3851
4.04802 10.3603
62.2857 87.5611
32.8214 89.4085
36.9511 37.9725
70.0477 95.7051
52.4978 71.1943
53.7702 79.0968
63.565 76.2227
8.4115 94.2352
68.7538 94.0402
12.8815 76.5195
4.05648 8.92834
52.6873 70.5917
90.2039 90.9284
7.77992 40.319
18.1402 68.5889
30.8747 44.3671
5.70127 77.1884
20.2832 43.6737
14.1396 15.9883
13.7214 66.6374
67.4916 87.1825
45.7342 63.4052
31.0566 54.1457
57.6404 99.8104
34.1599 48.186
12.6919 57.1143
38.2164 65.3792
27.7061 29.1447
35.486 55.5831
24.172 69.4638
13.8308 53.6262
55.0466 59.3275
75.3298 91.0193
3.00123 5.15886
16.7227 91.318
71.7963 78.5006
17.5305 84.2143
15.2709 41.9058
71.6763 99.5462
15.0813 19.8623
27.7731 33.706
71.9224 76.9766
4.68268 93.1523
1.06714 48.7354
40.1687 70.5309
72.9073 93.7949
27.954 84.3618
53.1224 75.381
3.28377 56.1236
80.5399 94.6018
52.3362 72.8463
57.0606 73.1024
15.0082 69.8667
41.543 72.3314
14.5543 87.4127
48.2604 61.4052
15.1858 38.3818
8.33814 20.1828
21.2499 43.0645
57.0735 83.2332
29.9809 91.7808
76.1426 77.0281
30.1505 57.9348
51.5236 61.2186
32.0635 86.2741
55.8204 59.1204
28.9228 84.3997
16.181 54.2663
43.931 88.5124
58.4853 95.8093
57.2145 75.9251
6.74573 91.1109
26.9285 95.5963
38.6608 99.449
48.1784 56.5225
21.894 39.9593
86.5034 98.9221
16.1018 44.4382
29.0726 67.6255
5.65683 15.3467
61.4773 99.6889
74.4671 84.0886
90.4001 90.6481
34.3311 38.355
34.1643 79.1605
55.0855 92.8164
91.3788 99.5622
46.1964 86.9751
26.4907 45.6455
25.6359 74.6691
2.16801 47.53
14.6284 88.6714
30.7302 46.4521
33.1096 75.5246
38.7665 98.3557
90.8713 98.0446
0.243733 65.3384
82.1332 90.6438
20.4882 55.9865
24.9749 35.147
17.7914 54.6524
46.0312 90.2325
17.3535 36.4289
33.0063 43.8442
58.6422 82.0744
18.5133 84.2424
6.17219 33.1417
52.6242 72.9138
6.02348 63.8719
28.1489 62.2276
19.0202 44.79
45.0337 60.2722
42.4054 84.3587
35.6775 40.3452
60.6524 62.8936
17.546 75.4921
65.7246 78.4438
63.5772 95.7973
2.1536 96.5835
39.6415 84.228
55.2257 58.1549
61.3979 68.4705
41.3843 91.2966
14.0222 55.1685
42.171 47.4078
17.3961 92.1977
61.1913 77.6682
37.2314 45.5499
20.0736 72.9089
82.9672 85.8951
33.5614 61.3872
0.513197 12.0051
27.1119 64.0904
7.80247 29.2655
47.444 60.6738
13.4935 15.8996
5.59888 81.9639
77.2975 96.8955
23.3482 91.3196
52.0639 70.756
33.4907 69.46
62.9537 94.6819
0.185157 47.1282
40.2318 67.2019
26.1269 73.0941
6.65546 50.1691
50.6823 87.5141
14.626 18.6606
14.7727 26.4631
43.8914 75.4465
57.3849 73.9071
79.506 91.3461
39.3488 68.6435
62.6971 76.4014
28.4654 59.9631
33.4531 93.4538
96.4068 97.9253
45.0536 88.1357
28.3675 96.5919
12.2554 69.686
54.4944 62.4245
42.0085 76.3415
13.1068 95.0021
27.8795 56.6345
0.525924 21.4652
3.32597 95.3723
57.9108 94.672
74.8782 97.2597
51.2796 63.3155
23.2787 59.9567
79.745 93.4098
16.7325 77.6703
4.86817 89.8166
22.7239 86.4085
33.2357 34.9794
56.0945 87.7301
32.436 97.4039
10.5107 29.7386
27.4381 86.3731
38.3902 48.9033
41.7161 86.899
44.2756 44.8099
19.1538 36.3882
42.0695 99.7037
2.02625 70.4334
22.9824 50.1784
39.7149 95.436
27.8488 85.2526
44.583 50.5727
71.6611 77.8187
27.7556 85.552
65.5488 82.9559
60.1917 95.2874
87.6298 93.4666
31.8568 81.6606
36.5331 68.5596
73.573 80.8087
9.96113 13.3695
55.439 99.9625
9.66484 70.3959
32.6472 57.4652
20.5743 52.9013
48.4231 72.3621
16.9451 38.1538
9.81494 98.9958
84.5478 94.7639
37.5706 60.3127
67.5037 97.7622
55.6002 60.9704
37.2607 85.392
21.9251 92.8272
5.82029 66.4002
2.73381 19.1897
2.69627 76.3613
74.6287 86.0261
32.094 73.0922
18.6734 93.6665
84.9952 91.0355
23.1491 42.0896
7.98063 41.0853
2.74451 32.964
25.6332 70.5346
63.0572 93.1369
18.6574 68.2968
53.6889 54.1073
46.9345 55.9181
61.7384 75.614
13.3347 78.3478
80.9281 89.696
55.5568 81.0441
54.1362 75.7221
87.6508 94.3955
47.8027 72.646
85.431 89.8923
93.4116 95.7951
28.7591 30.9776
56.6108 96.1561
59.2133 99.2936
49.7477 67.5905
3.85498 77.8707
21.2793 33.7888
50.7895 96.8933
64.1242 95.5271
75.2411 76.4553
53.8201 56.2852
29.5423 32.0121
10.4215 19.6629
23.9377 58.2242
9.36873 92.3089
48.1165 88.104
2.78034 79.0941
16.8631 98.9365
16.1567 35.7049
58.1498 85.4526
36.0205 83.7472
5.02647 89.3076
40.097 69.8093
1.91978 65.3364
4.22119 77.1609
41.7917 58.0413
33.4461 73.8038
43.8676 87.5836
11.5213 93.4667
2.09176 85.7756
20.89 50.2082
23.6704 73.8796
29.3023 90.7427
22.6069 65.0072
6.89937 80.7566
50.4598 90.6465
16.7771 39.7674
86.5864 95.673
79.8644 97.5928
51.9229 84.0856
74.7537 93.7145
8.19981 42.1269
29.7105 67.5183
52.0674 60.985
41.2318 54.1591
46.7606 62.1219
4.36738 20.6402
33.6697 85.7923
8.39911 11.3829
18.2823 98.677
49.1368 89.1558
5.9329 8.9288
4.60181 88.9042
68.7686 92.5193
2.1946 44.4422
52.8542 76.9483
38.1567 94.9811
5.67505 85.1481
24.6916 37.2155
65.9234 66.6601
13.4207 91.3746
28.0453 95.742
13.8376 34.061
29.4118 45.4439
22.2367 28.0887
11.3924 63.7261
72.6549 77.2255
17.3253 66.1297
9.84464 77.2567
34.8983 79.4513
54.2868 87.7525
56.3996 92.4435
41.5478 82.7337
7.42528 98.1186
64.7787 78.7633
70.1379 73.3487
1.39403 78.1994
12.2603 65.8799
15.2316 95.2917
37.4683 57.7042
21.4303 23.3804
0.605939 48.8607
66.186 94.0853
66.7356 71.342
1.63395 76.0306
30.3174 50.7934
7.19303 89.3865
22.761 72.1201
20.8796 48.7408
27.504 79.5454
52.8941 85.6582
63.8576 97.6419
54.2882 63.5219
69.5198 76.118
33.8222 58.8136
6.98803 82.194
55.2525 55.8487
49.3378 82.7999
22.0347 49.5356
20.6798 98.0653
51.1695 71.4732
28.3828 40.556
51.1437 78.6662
12.6761 27.407
72.0233 92.2215
54.9111 57.6815
45.1157 52.553
21.5391 99.4038
16.0749 97.6571
68.9236 74.8885
31.4792 75.9116
57.0824 86.7317
31.7603 39.8823
36.0695 53.795
56.7493 89.4179
40.5874 51.8604
28.2225 80.2431
6.88878 81.1434
31.3869 93.8195
3.41014 34.2958
86.0411 89.2069
31.1567 61.0916
41.7599 82.6307
30.5606 57.8348
80.2878 99.4842
11.767 32.7232
75.3958 89.8056
7.15614 98.4987
29.688 34.5682
19.1059 60.9512
12.8115 91.3176
19.5401 59.6933
40.8368 93.0546
24.4415 26.4289
34.6563 60.7247
20.6974 27.8516
49.9316 88.9433
51.8541 91.6915
71.574 82.4146
49.5262 51.8618
81.8988 82.2494
57.2946 63.6288
62.1276 72.0551
1.74309 64.4508
25.4019 96.6958
20.849 88.0134
38.2134 80.5423
7.55354 31.2681
21.3791 33.9825
55.7096 56.0354
83.5612 94.7072
44.6388 76.7327
28.5868 72.5045
36.3302 44.0785
11.0015 85.8565
92.9003 95.9403
59.5691 68.1059
40.161 50.1949
14.6457 21.6967
18.3925 41.9041
40.0476 62.7531
6.40591 78.261
13.9594 43.2954
9.52909 64.6745
47.9419 65.2387
20.7099 42.6491
48.7999 97.4427
21.3043 87.2879
23.6181 26.0295
37.031 65.3828
9.47459 61.3232
29.9312 77.5805
20.8923 80.1261
17.7415 42.589
59.6456 94.7718
34.8194 60.9815
22.3987 67.3874
13.0804 65.6942
22.6095 81.3469
29.2888 30.3687
51.0786 87.8481
36.648 71.9379
48.5213 59.2257
57.9523 74.5508
23.3352 82.8439
11.5817 92.3184
41.513 84.6583
5.55063 69.899
21.6391 87.6405
16.4109 48.1396
9.12114 47.2861
51.2302 69.6849
64.3106 76.5086
35.379 57.8554
65.7478 86.9201
74.7682 87.1442
16.8264 59.0821
11.4162 65.3477
18.3078 69.3685
1.15168 39.8984
51.4801 92.7037
77.362 93.4701
63.3691 92.9931
14.6322 82.9126
31.0523 51.0096
31.0431 98.2957
40.1734 82.2733
16.682 67.9806
3.35964 46.5839
33.504 74.5374
61.6816 69.1074
8.27217 85.9338
19.6883 20.7637
39.0716 51.2814
89.0568 91.1798
40.2233 81.7605
33.6934 42.66
35.6531 59.1225
42.0351 97.0625
48.0721 50.2853
73.0874 81.3284
13.2608 46.3678
14.3484 63.6017
10.1856 29.9428
4.4802 17.708
43.6896 86.8154
51.9618 66.1618
72.7492 86.9256
24.0306 71.6501
25.9972 60.707
15.2104 66.2204
42.4675 57.8704
1.58998 99.9138
93.5235 96.9763
43.6251 43.8088
16.7125 45.0483
25.1372 91.4161
29.9733 88.7389
5.76446 59.9161
23.4725 98.9246
42.6142 64.3963
10.2879 30.5581
83.0371 94.576
17.4837 66.2261
7.06766 43.4809
22.2781 26.9331
9.70128 69.4006
9.61507 80.1485
70.9906 73.6721
6.59133 14.6157
17.4809 51.6396
31.3282 42.6181
43.0557 61.3015
31.3571 48.8202
21.2176 30.2817
72.2927 85.6139
72.8959 82.5805
16.172 67.4719
33.6557 65.6176
33.698 72.6853
60.6311 77.1366
86.8378 94.9634
30.0317 75.1119
1.02227 96.4529
3.04425 48.784
15.6379 66.2649
46.9661 54.6839
8.88303 97.7396
8.26759 40.2401
29.4852 46.5598
18.8525 70.5218
15.099 43.4177
1.43304 31.271
10.8896 67.0506
44.5876 64.9267
39.7359 42.0633
5.21873 34.6993
28.9011 35.2505
9.81119 25.354
36.2727 58.5952
28.3983 51.9107
24.8601 83.0822
33.7431 98.8768
7.14437 80.8218
27.3816 73.9832
36.6295 44.505
46.2341 51.7285
47.6671 87.9227
82.9995 98.8122
14.7178 47.9262
43.3998 54.4537
48.6186 89.9895
18.8906 89.153
83.869 98.9642
20.1417 44.2446
57.5593 72.6428
72.0524 82.4194
55.725 70.9292
16.1625 36.5468
78.0735 90.1457
14.7031 63.9284
10.1625 34.6507
22.5734 66.4316
49.4312 57.8296
21.3856 72.5474
64.7854 97.3574
27.0011 87.3469
13.404 16.1541
6.23749 97.273
15.1183 50.4821
17.4147 72.6776
23.1249 89.4671
55.097 78.8499
60.3963 71.2595
15.3967 38.4699
61.4052 79.3251
53.1729 96.0559
19.6046 89.4876
18.6292 47.3172
40.0148 69.0357
19.8646 66.3932
4.8002 46.8657
18.2042 53.7401
59.9776 63.0198
15.4772 78.1381
10.4596 32.8919
33.5846 50.8157
5.91271 22.359
12.4345 82.7553
27.8311 77.1722
21.2252 38.5774
7.15622 74.3981
34.6332 96.6438
53.2624 94.0027
43.961 63.0385
63.8256 93.2772
29.4316 98.0774
10.6913 83.1717
16.2816 73.7111
31.7588 43.1493
51.8492 53.6089
2.66489 64.6507
87.0097 87.1934
8.5776 99.6279
69.765 85.7498
27.4591 90.9902
24.3272 34.6153
58.9604 65.3884
31.2591 59.3911
12.2228 75.22
5.5 22.4295
39.0456 51.8612
3.57741 49.7369
19.859 35.0329
23.448 78.1821
51.6178 75.2972
16.2684 31.791
18.9845 77.962
3.27809 86.5396
18.6124 73.0431
46.0714 72.2894
64.0333 96.6166
29.4217 80.6867
11.9457 55.5769
67.7997 88.8128
11.2423 87.1658
26.2114 73.2997
63.1035 76.8771
75.9482 98.1363
96.7362 99.3962
48.3539 76.3185
8.10949 74.6933
52.6554 64.6223
27.094 67.9004
39.195 45.7063
11.4845 40.9435
4.97687 91.7778
8.10104 72.4645
34.3986 63.678
23.2113 84.4102
31.4777 71.576
4.77746 34.4536
97.5571 97.7873
73.7355 81.6546
78.3908 95.6934
72.0119 73.1317
26.7447 47.8251
80.1214 91.367
0.480468 7.21536
39.6755 59.2674
0.21097 52.9217
44.6995 51.1599
5.18784 59.261
17.1639 39.5864
1.57413 22.939
54.4167 62.7977
73.1501 97.2514
59.1942 70.9374
40.8488 94.8085
44.673 90.5019
17.8047 19.2395
45.9842 62.5138
42.6352 65.6298
37.3512 66.1103
49.8506 96.6187
2.7723 5.78576
56.9457 96.8296
2.01748 47.4718
16.2067 64.6357
39.1457 41.6039
4.40161 66.2098
39.3599 93.5624
1.65299 52.7565
10.2974 96.4615
54.9703 93.6053
12.8448 86.9634
49.4772 72.7751
38.4049 58.8291
92.1125 96.1803
4.51513 41.9631
10.3009 92.799
44.7354 89.6286
67.2466 92.2072
83.4533 91.6461
33.25 56.8428
22.599 23.0527
16.1614 37.6516
39.3046 62.4126
68.9179 72.71
35.766 62.5232
22.7294 27.6803
0.455363 75.3681
34.1971 72.2067
38.8602 64.3192
30.3774 43.3754
6.28224 23.1764
51.0176 53.6763
12.805 20.9229
4.45106 43.2248
0.0676524 4.37619
26.9752 37.701
23.1203 75.3526
43.1366 85.5329
12.0545 14.6571
50.4232 58.2429
74.5777 85.9232
49.9457 73.1526
45.3592 86.3785
25.2388 84.1428
9.67839 14.5203
15.9606 68.6141
22.2904 37.6966
50.5016 66.9783
10.2031 43.2133
47.5895 54.9527
10.2707 92.6537
33.3911 74.5646
17.7012 68.0063
18.924 82.6634
29.7557 77.1669
4.33332 33.0866
6.23916 63.09
49.4686 54.279
38.4219 51.5984
61.2768 74.7073
43.3215 52.9422
77.2374 90.6388
44.2157 65.6119
8.82513 41.1404
54.4188 96.0931
56.4146 64.6895
30.9792 88.7469
56.7532 98.0806
17.0046 48.6804
39.4166 78.4361
72.5032 94.1714
57.2615 82.7694
37.0485 78.7423
6.73002 30.3407
75.4704 81.4374
28.4125 91.6175
24.7588 68.855
19.0513 90.3707
13.0707 60.1918
67.4895 99.1958
55.6104 56.2849
32.179 45.0318
30.2596 86.5896
1.78492 35.2701
41.2015 47.2642
13.7062 41.4356
13.7047 96.4756
92.447 98.6971
5.42712 33.5241
8.99444 22.7878
14.4053 86.8645
11.6233 37.407
56.4583 83.2603
1.99399 96.331
1.1898 16.6501
63.8205 72.935
56.8002 95.9995
17.9667 43.3899
19.7517 26.2592
73.5234 78.6599
60.9532 92.3661
14.9591 74.6579
13.6562 88.8417
22.3658 67.1049
19.0833 89.8926
5.94776 31.3602
4.29792 68.7672
17.5711 87.5582
19.5651 25.2255
41.8755 83.8892
20.7549 47.7097
14.8105 77.5551
32.7773 43.7092
20.9449 69.9684
52.5289 99.6049
13.4821 43.4919
58.4509 91.971
80.8127 88.14
55.2448 72.1071
3.17851 91.1904
34.5387 45.1374
49.4354 97.1381
3.30594 14.7092
28.5314 36.9936
20.8828 34.2743
55.0291 70.407
68.5925 85.2175
12.3017 32.5842
17.9947 53.5291
70.5237 82.2702
25.762 53.134
45.105 84.0058
72.1457 84.2129
25.9177 56.32
27.3905 29.0962
47.5103 72.528
44.6485 63.6349
21.9634 66.9409
58.9569 59.3577
93.6319 95.4723
65.8792 79.8397
48.4322 48.661
51.0967 81.2452
60.7339 69.0914
34.7743 43.0041
39.6151 87.9083
23.6208 68.7661
33.0133 52.979
58.931 95.7665
9.29899 23.1571
56.8093 88.0271
51.6621 95.6851
1.4578 17.6484
18.6029 60.8155
14.0752 76.6053
54.4474 56.4451
3.10838 79.9545
4.87724 31.0512
65.6111 84.3536
0.142582 19.1279
8.61522 39.7577
7.03624 77.3813
40.0495 63.3785
30.3603 59.145
39.6593 98.9805
82.3021 87.0076
77.9872 96.4686
38.6697 97.9264
57.2726 95.6356
58.7419 72.2409
13.1892 71.3478
28.686 51.3023
16.2976 33.5632
0.651208 82.3534
82.496 99.1744
7.78958 19.7791
22.2537 26.8154
85.1709 85.6322
15.5312 66.8649
44.7772 65.8454
27.0793 55.1905
51.6591 52.853
5.0665 91.5226
0.702083 49.5855
8.32736 48.7953
20.1431 72.943
1.62898 21.5166
37.8142 71.4454
35.1922 53.7988
34.3666 38.4654
36.2949 58.2445
42.1561 58.5485
27.327 85.0599
44.1807 51.9248
42.8582 88.9579
17.7702 98.0486
16.0373 70.6231
21.1038 49.7077
62.1458 99.2932
10.941 21.8059
7.62055 94.7489
29.1371 31.0841
2.5295 96.3778
31.57 66.9513
5.41675 56.3283
65.9366 92.6232
8.09273 63.6613
48.7212 51.1717
35.4197 95.3525
0.645999 78.2779
18.4162 84.3104
0.347696 76.3265
26.0342 89.0393
21.4515 51.185
25.3274 43.2573
32.948 62.126
38.0062 93.2102
34.3841 62.0851
29.0365 95.7397
52.068 65.9541
31.8907 34.4532
44.6912 98.1145
39.9834 95.8629
46.8357 75.4032
47.4817 91.2154
53.6811 75.5258
30.0076 65.8978
54.9371 75.8735
56.0419 97.325
6.12213 81.3693
40.5823 68.2482
14.3173 78.5886
61.4583 76.4024
12.9726 57.198
5.43884 78.9267
9.26601 39.892
10.8174 53.9572
38.0065 50.8008
49.8201 84.8422
26.204 41.0355
32.3239 79.8851
16.5613 98.2217
9.89269 92.4348
53.1588 65.9346
59.281 89.7598
30.3421 47.3038
27.5292 61.6211
8.93069 88.9875
21.9033 38.0235
43.4624 46.1855
0.830033 55.4515
11.6475 83.3544
9.40874 21.3609
59.2289 62.4483
6.20314 88.6523
0.264385 38.527
16.8257 68.5374
36.7488 78.4301
9.26053 89.9076
44.3646 99.0203
49.1886 91.6685
29.3625 76.7178
38.2932 53.2896
65.7053 91.3131
11.8908 60.1965
34.7755 61.0265
18.1299 67.3423
72.674 76.7511
35.1223 39.4908
35.9799 45.694
23.7746 36.2443
84.221 92.312
20.9698 53.07
62.3306 70.742
10.8774 15.1067
60.066 61.3509
6.77515 90.7134
36.7837 60.0648
2.48899 29.0065
51.3779 89.203
14.3798 86.1534
50.2295 81.7221
4.28325 22.9035
43.7741 58.4731
58.0257 94.4531
81.8003 89.468
30.6974 73.689
74.1123 83.7674
44.8543 94.6588
5.53617 46.0979
7.44882 59.961
65.6021 66.7361
2.38588 98.1622
26.8009 27.1687
4.87487 78.1788
16.3717 19.2546
64.3321 66.6012
0.976727 68.6154
59.4499 89.5047
12.3895 47.5304
1.85748 53.9029
29.3308 84.6003
3.44303 75.5465
68.3677 70.2053
14.4656 48.2973
8.25833 75.7414
21.9144 41.3436
20.0766 74.9945
1.79537 43.7295
47.2454 48.6043
63.6171 79.9741
44.3063 67.859
30.2183 68.8357
12.9217 19.723
25.3111 28.2856
67.2535 82.1885
27.1686 96.5842
2.71511 66.7888
0.0272482 35.1565
48.3246 72.9204
48.6618 49.6221
56.5829 71.5365
31.5774 90.0054
33.7349 91.6132
33.3728 38.8585
13.3469 82.3392
2.4756 50.1982
32.6939 57.6532
19.0339 70.5749
47.3195 52.4169
19.6704 95.886
23.0546 29.508
16.2546 96.2968
16.2819 25.7697
31.4532 98.6901
64.6065 81.0753
21.1894 47.3519
37.3574 52.6119
44.225 52.7668
71.0922 86.1395
53.4314 83.0836
85.5592 99.4865
3.62963 57.1397
18.2531 22.6635
27.7145 70.67
23.6006 69.983
90.3404 99.4909
6.595 46.6552
72.4249 95.7877
22.8769 27.2409
71.1151 87.4833
8.31628 18.467
8.67268 60.9282
55.8244 61.4395
5.15319 26.9166
47.579 88.2367
47.0655 80.348
73.7959 83.9777
4.2051 92.049
6.6412 31.9196
62.719 76.6242
53.0593 55.5202
2.17538 76.1151
59.6543 71.9028
74.6003 82.5312
45.7154 99.1438
7.46005 70.0145
64.1824 78.6872
20.0068 68.3882
40.1266 73.5414
46.9234 87.7056
27.2714 61.7781
34.7711 35.574
11.2491 38.9762
17.8903 27.623
70.8958 90.3419
26.416 94.5145
43.4013 70.6296
3.05561 28.5914
3.19169 42.5324
41.6762 85.5868
48.9071 55.6013
13.0895 49.1363
17.5245 34.2885
33.0962 74.4151
80.0196 91.0659
52.844 62.1207
7.29103 96.8918
18.5401 88.418
16.041 35.868
6.76381 36.4304
6.38295 30.9449
33.1798 49.7842
1.57453 61.7712
44.107 52.8398
38.4266 64.9629
13.87 85.7832
34.9194 94.0279
26.9594 28.3164
52.4439 60.0557
2.73147 43.5098
40.0753 64.8522
47.3663 96.3538
61.744 84.7718
65.9064 97.612
0.812783 2.33688
4.37582 7.19573
33.2818 37.5556
34.8563 56.98
9.81979 99.3268
64.2897 78.9633
48.2464 64.7465
42.2743 78.1597
5.11912 99.6659
52.1098 70.5907
65.1748 73.3222
5.25007 95.6196
38.1744 91.9733
52.6164 99.9184
18.5228 76.7451
77.5579 97.5304
1.90622 20.8597
54.1415 84.7536
39.4619 41.7336
38.7887 88.9978
51.5534 67.9611
3.07841 99.7998
32.7076 81.2381
32.3735 42.0741
12.6648 86.3572
51.532 84.4833
80.1029 85.9869
24.1613 56.7821
9.39847 72.0762
24.0797 48.8213
21.6101 27.9213
26.3792 48.781
11.1328 23.5163
2.9225 62.9782
52.8664 91.9203
1.76684 4.41972
4.84525 59.8815
4.21948 92.5891
46.2936 86.0833
24.9626 72.4406
9.44589 58.9583
23.9726 44.9453
80.7546 89.5488
61.625 69.1066
90.1531 93.1863
10.4463 18.0744
14.7964 36.8255
38.3127 66.8554
47.9583 69.7779
0.824698 1.29083
3.05767 61.6982
5.24442 21.5797
7.90292 9.4639
14.1687 93.9863
39.1313 55.7575
14.7158 66.4268
48.5772 90.3994
38.126 59.6611
28.7677 71.154
61.3071 99.751
10.1973 21.954
36.7504 79.3816
46.237 47.0228
75.063 94.9812
16.0149 76.3539
77.7131 95.8059
1.05028 79.4115
87.3145 99.2928
10.5142 13.4615
66.2716 81.3007
47.7275 52.5928
1.16996 80.9874
38.1269 40.6485
9.28095 39.2959
39.0469 69.4162
70.5881 91.3702
49.2442 49.9696
28.1206 96.2671
3.18363 96.2066
12.2215 91.2483
79.5375 87.0541
58.949 89.9345
88.1044 89.2273
46.2635 98.6186
2.68876 27.5642
55.2815 64.8902
45.8777 75.2917
13.4186 56.4515
86.5262 95.7474
22.6996 55.9425
34.7944 93.2877
47.3127 84.0386
43.2573 75.4333
39.4639 80.3057
71.554 78.6169
51.6854 58.1544
41.6199 58.6081
17.1034 46.7125
30.8472 63.3669
33.5359 45.3311
10.2213 90.9311
66.2228 88.8175
45.269 56.099
42.6252 79.6414
2.34099 41.0164
75.8108 98.5676
45.8803 95.6287
38.886 59.8494
21.3136 40.1551
78.3499 99.9305
11.7091 30.0353
58.0849 70.3171
71.6552 75.1883
2.50234 17.0296
38.5552 62.3607
29.4863 36.0383
24.8558 72.582
28.6809 95.7091
70.1248 75.3505
11.1412 71.3061
69.8737 77.6915
73.3201 86.952
15.7541 46.8013
12.2061 37.0677
86.9564 90.556
36.9981 98.6655
20.5912 95.083
68.9826 92.2464
70.2713 86.0122
8.82654 94.7487
30.787 48.3729
20.9549 38.3128
34.0219 55.6428
25.7676 49.6358
9.37234 20.9419
36.9087 87.0638
23.8607 90.8156
6.56966 60.3839
70.662 72.59
43.6373 57.6185
63.146 80.6355
56.284 83.7372
25.2666 75.7185
45.9898 75.9836
11.2789 70.7324
54.8164 59.6518
1.5194 93.1292
57.1622 80.6066
27.1511 30.2424
36.5234 82.9298
19.8385 51.1843
23.5872 41.9999
43.6992 83.9711
14.3612 48.5695
56.5612 92.2068
19.7072 71.9797
28.2636 72.8423
3.44442 48.5608
53.5303 79.4281
64.8091 94.5506
49.367 50.1604
24.4609 51.6798
5.06751 42.4962
8.84201 69.6473
35.3099 91.7718
6.17065 86.4942
11.6102 29.7579
28.4941 55.3094
13.729 77.0636
69.6706 70.2902
41.6502 69.2704
42.1127 89.9973
69.9139 93.4418
23.4441 90.6735
72.8698 85.2242
23.0302 88.2532
12.7141 34.5912
74.7101 77.0874
17.7816 83.5521
46.7346 53.0916
52.9053 75.3238
39.5857 86.9341
68.0798 82.6632
42.2435 96.3922
11.9141 45.1434
14.4138 66.6823
53.5643 56.6797
23.4782 56.5266
47.2001 50.1214
22.9913 46.9223
32.4243 35.1756
46.0215 67.0155
20.7315 47.8897
44.1029 65.6713
4.28362 90.8375
18.7629 79.6075
43.7428 58.3486
26.4059 66.5415
8.78501 26.4284
22.7981 71.5719
20.6991 89.4804
74.2634 85.9857
42.5123 46.1601
96.2815 97.7416
44.6639 89.7124
19.2728 22.1367
65.2943 79.8395
27.7292 89.1522
33.255 86.0258
90.3094 93.4006
12.1634 24.0925
67.8353 69.9169
36.4584 70.5121
94.2413 96.9405
17.0394 45.2434
65.9425 68.5124
6.51979 54.4981
40.2059 52.6799
37.9475 97.0104
48.9614 86.7228
68.2342 82.6114
8.85949 62.4509
33.5285 98.0117
19.5543 90.1801
31.2667 83.5807
9.86374 55.3592
79.7806 95.7441
23.1945 66.2562
16.239 17.4358
61.4825 63.1967
31.7091 34.4752
27.425 40.9949
67.6309 86.2072
83.2176 93.6748
5.57839 42.6363
69.9404 88.1898
10.8705 78.7999
44.3989 50.6407
40.8208 76.8116
8.07823 63.9532
24.4015 73.817
20.1457 63.4374
53.5976 86.632
69.8366 86.4019
4.06774 49.5986
31.3191 38.5429
58.7441 81.3078
67.515 79.5378
26.375 73.2127
31.9534 50.7326
15.8489 20.673
20.1432 26.7194
70.7839 99.4729
71.1183 76.2845
11.6048 35.0716
36.0063 84.3627
8.88855 47.8001
56.1519 62.4862
34.4321 42.5538
32.3228 38.4998
63.6419 92.1524
73.4602 77.0427
22.3861 56.5805
40.9752 48.7611
29.7932 91.7078
45.6422 80.7145
0.857667 12.3808
11.8537 72.3615
43.4799 71.6416
83.2464 88.1382
72.5009 78.5514
19.2526 87.44
20.301 75.4046
49.9262 54.7331
17.9584 82.249
10.1108 93.2329
45.8909 70.2756
68.2769 83.571
24.5462 26.8561
17.038 56.6494
16.254 97.7525
2.29151 28.6348
74.6531 98.6101
40.4885 70.2517
18.1329 28.6266
53.4981 96.6844
1.12749 72.7507
21.4285 84.1244
34.0505 48.1553
66.1137 76.1615
16.2995 69.3944
62.1904 76.2246
39.67 59.7956
30.4673 66.5261
47.5053 84.3418
0.595765 23.1755
25.467 45.2578
29.2305 43.8679
0.120031 69.719
14.1197 18.253
67.6177 98.3457
14.9373 99.4732
40.3685 99.0617
20.9016 88.5238
33.1122 97.0631
49.4117 54.6375
30.8621 66.4575
6.12751 11.6021
42.0694 90.6577
72.6536 74.9995
89.5747 95.8291
34.8325 75.5952
4.82577 21.2961
21.4161 78.7005
74.5448 92.8201
39.6691 72.8904
54.6064 60.4379
0.806332 72.3636
53.6681 93.2652
