23.4253 49.9138
36.8422 61.4619
5.85034 81.221
10.4619 92.5105
41.9572 42.6112
41.0474 45.3995
19.3019 24.2112
9.0224 69.665
26.1237 89.9412
33.163 77.9208
33.1545 75.9198
36.6423 94.4349
69.1344 81.0034
10.6359 81.918
17.9793 30.4703
23.4241 80.3841
41.4046 60.2663
41.846 47.2549
41.4873 52.3079
39.7654 84.0985
80.8128 94.2651
13.567 29.498
5.02399 99.1629
22.5894 94.9652
25.2866 55.7524
1.2064 72.886
67.3209 88.9069
37.8487 58.0413
19.7668 48.3243
68.6773 78.7946
37.7461 92.1014
59.1787 79.1506
1.02471 52.3677
26.4056 93.855
53.3326 66.171
47.5977 77.9535
7.45149 46.9837
52.0077 61.1646
6.61443 83.754
31.901 46.9729
19.8589 39.5065
28.4134 33.1074
70.9562 87.1798
35.504 86.4547
55.132 90.7229
14.2986 28.469
47.2334 73.4773
7.61964 99.6011
34.0252 74.502
27.8346 93.4561
0.196148 71.4097
47.1799 75.4323
36.5969 78.8612
85.4756 99.1876
20.351 46.1605
17.3766 59.8574
50.4841 66.0193
53.1991 88.2708
21.4403 74.7255
12.1632 88.7031
3.00174 29.8575
40.6322 77.0909
48.2519 76.479
50.9811 76.6921
70.1482 82.277
78.8157 82.4732
41.5579 54.2479
20.419 29.6531
28.8407 90.8449
5.89464 11.1958
23.2713 75.0011
41.0205 71.0532
59.324 73.7554
94.2196 95.1956
34.0495 82.9227
7.35885 63.9071
47.9911 85.9245
40.998 62.4035
17.69 96.2429
13.3846 78.52
87.8382 92.2002
29.3961 60.9931
46.4482 90.6462
37.293 49.8152
19.4869 55.7098
48.4888 94.488
19.5421 78.9811
35.5085 52.7364
29.7281 78.8661
12.9156 47.9321
12.6508 55.2909
76.8227 98.5753
3.28198 17.8207
60.9788 99.5249
35.5107 74.3633
23.3489 78.0448
39.038 66.5635
13.0117 52.745
2.56018 29.6842
49.1711 50.3047
58.27 98.7936
37.251 43.6591
18.3356 79.1677
89.9875 97.2017
8.89575 37.9196
10.1173 21.5466
86.94 93.2105
20.1218 96.4925
4.76066 81.1006
40.2713 96.0174
55.4639 74.0622
22.0274 63.6203
13.1002 16.3653
35.0391 42.7844
18.9255 85.3439
77.1954 91.9555
35.6147 84.1374
2.47306 14.4465
4.43398 14.7824
23.6781 99.6748
9.79212 42.3536
35.564 45.2247
65.3465 96.7321
1.4928 32.0565
28.0739 46.4471
1.91094 41.7641
2.13611 5.38441
15.2363 23.9384
21.7497 58.9775
40.6752 58.0208
44.3213 49.9763
17.8706 28.4588
32.3171 85.591
0.373342 30.9318
30.6066 36.7511
24.0514 79.1046
40.3987 69.2761
14.6687 37.1309
34.6226 46.7252
38.6237 81.0696
74.7991 80.3878
76.9352 82.9806
6.91894 85.7722
7.52194 92.1715
50.1923 65.8964
10.2178 48.1971
0.16858 66.0677
38.6765 85.7596
69.6084 98.3848
35.1358 86.1329
0.215005 10.1844
14.2405 40.6138
28.9091 79.4605
14.0831 77.7446
16.3683 75.6343
50.4334 95.1527
78.1333 96.7561
27.3686 82.5284
19.5401 85.0522
50.9486 90.0503
38.2474 69.7324
61.1664 69.901
4.31514 99.843
2.69992 55.6605
41.7934 69.4513
37.8358 69.6663
51.9778 52.0762
10.2801 31.4383
80.9853 88.0247
45.5213 56.6196
4.39304 40.674
1.14918 7.05302
18.8073 34.4216
3.85953 83.6776
53.9617 73.7279
23.6941 54.8082
11.9753 15.9746
16.2905 93.595
15.8175 49.2556
18.9904 85.2689
56.8261 91.049
43.0268 54.9352
8.90237 65.2153
74.4651 89.8877
19.9864 53.2401
46.5073 57.6331
53.5604 60.6604
58.7823 79.4677
42.4599 87.982
41.9436 83.3273
16.1877 38.1354
28.1631 65.6377
54.11 59.2327
44.4535 69.9276
8.48829 63.4439
55.1964 99.5373
10.1317 20.2701
29.1724 42.5641
17.0291 75.347
19.0601 28.5871
37.0155 65.5675
86.2202 97.676
19.1278 45.0024
7.10978 77.1437
60.471 87.4623
3.65004 49.0534
14.6911 98.6064
31.8131 52.7164
73.9239 76.2667
22.644 82.4122
39.7106 77.8404
59.9807 81.9494
24.5135 87.9721
63.3191 89.1531
8.21324 41.5426
78.5582 91.9062
73.7807 78.1263
76.2341 92.9085
23.1288 53.3778
0.0183328 10.5911
13.8488 49.0718
12.4552 14.2411
46.0542 63.7629
37.6868 65.1716
22.3209 87.8156
20.0989 62.0315
2.04835 65.656
22.0121 53.6281
11.1652 26.5619
16.9472 68.1045
8.8534 19.3785
46.6627 93.1592
22.8968 86.9797
10.1085 86.0677
76.2746 86.0861
20.6995 90.1234
34.9406 35.1578
2.57862 98.9207
67.7502 80.9948
3.31571 36.6075
55.5659 56.7064
21.2219 65.3472
58.7547 87.3593
74.85 85.3166
91.7973 98.5245
17.903 53.4211
0.0837411 0.650656
11.0622 87.6304
22.9805 97.1299
97.7388 99.2551
18.4384 83.216
18.3738 89.3786
53.379 91.9572
17.2945 34.3738
53.902 59.7074
15.2733 37.6895
3.0367 10.6084
36.4952 69.3631
11.3452 90.396
54.6797 88.9205
3.14247 8.10076
3.79312 6.82353
8.18451 17.8857
31.165 91.4235
15.0156 89.1623
30.4202 98.2316
7.60069 19.7988
16.6054 60.9797
11.7559 33.8999
71.4634 95.3535
33.043 87.8018
86.7367 98.4102
23.2318 36.0797
26.4757 67.7733
22.453 34.5771
15.3963 37.7195
22.2198 30.5537
38.7382 41.5126
32.9361 40.1055
55.1211 69.9033
0.323454 22.0985
29.6992 53.3527
20.1222 69.958
31.8781 90.6788
3.85789 86.0323
3.34153 91.6597
19.0753 90.0782
55.155 90.0699
13.31 57.8432
47.8871 81.6307
80.2961 97.027
10.8499 85.6066
19.2468 27.1193
49.5881 59.3523
19.4914 60.0554
14.4734 82.1539
19.8148 67.8261
11.853 39.937
2.53184 37.7841
41.642 71.8152
75.1567 88.5641
7.63944 33.3017
23.3716 65.2349
62.7945 78.5449
44.4252 81.2148
26.432 61.5109
12.0387 41.4522
60.699 72.3608
21.9489 39.1579
20.0512 99.2133
34.5246 41.4403
61.2551 81.3672
2.35067 93.2202
1.19215 40.1348
73.0073 95.7521
81.7768 84.3162
15.0785 48.164
13.3989 91.9556
38.4501 54.7501
19.6649 91.9439
18.3759 99.1753
40.6275 81.1758
30.4146 53.5366
1.32641 69.5725
21.3776 75.4855
16.9258 68.7859
50.1531 55.9023
58.2529 78.1809
43.3733 79.3731
39.1253 98.3877
52.3804 80.1644
0.544463 23.4415
15.3972 95.2429
13.9434 33.693
5.8873 70.1473
53.3578 69.3226
24.2632 34.5336
9.95001 54.6778
11.2764 88.0703
24.2504 63.5558
32.6541 93.0362
80.4816 88.5563
43.1893 58.6625
46.8092 86.5626
38.0356 45.1969
25.6879 90.416
25.3614 49.1295
20.6043 90.9605
4.90392 64.5266
34.6739 54.2972
7.65506 10.7912
3.99647 35.0545
13.9465 42.1887
30.2589 89.7323
13.9827 25.2229
57.877 93.8147
7.01888 74.2963
46.4333 50.2082
32.9589 93.2425
36.7708 70.9945
38.4394 62.4587
61.4106 63.8008
11.5881 52.3711
76.1148 84.4051
38.7023 57.275
10.7887 68.0662
14.7852 46.3574
3.12067 88.5461
28.7317 92.853
18.805 53.9546
6.8356 12.6197
11.8315 13.8545
58.2648 86.9161
19.875 64.0627
0.833406 51.5073
89.9468 90.8695
52.28 63.2921
53.7476 74.8802
4.65109 38.1526
50.995 61.9261
61.7837 76.8549
23.2123 29.9923
33.113 76.5689
5.30056 11.7583
25.9659 30.5633
32.8015 59.2551
43.1831 71.0867
30.0991 46.656
10.7187 29.3515
49.9741 80.8588
11.5521 40.8436
70.8055 74.8441
24.5531 93.1236
49.7244 97.7747
0.719365 62.7057
39.5606 59.7007
62.5031 89.693
39.072 62.7729
22.806 74.5312
44.3725 48.7719
3.62766 5.09458
48.2776 81.5734
28.2294 74.7143
4.06577 78.3768
28.3509 38.948
50.5001 84.9245
55.7301 69.1944
25.3442 62.318
75.0686 80.2832
42.9889 60.0927
19.7934 75.788
38.291 82.5495
9.48643 45.3224
32.2924 77.363
19.8537 21.7356
24.9483 81.0643
25.3632 62.6377
0.0775336 73.2259
51.6027 90.8671
4.14331 29.8151
79.9536 89.0679
49.148 80.3152
5.65949 44.7979
11.466 25.0811
71.5587 80.7281
56.5161 68.07
50.6195 91.3521
0.838548 94.8071
72.1701 95.942
15.7957 33.131
14.1953 93.9057
19.2689 40.7439
13.9698 76.833
19.3464 67.7
23.4897 65.5725
45.5261 97.5152
12.5576 77.8304
57.3555 94.6742
6.14021 83.4899
64.218 82.4366
50.5066 77.6989
20.7341 69.051
1.12613 15.5412
69.8896 97.0681
3.02054 87.7113
12.8637 81.617
17.2158 53.6077
0.885858 94.0487
20.2323 67.5775
33.15 61.7488
43.722 59.264
56.2796 78.6762
37.0944 73.3503
13.6351 20.5843
79.4905 96.0718
57.1895 84.8023
5.53637 46.5784
26.2405 47.7045
21.0775 96.1301
8.78881 44.7726
57.6363 99.1506
16.3664 90.4058
11.244 91.2916
10.4152 78.8215
11.5239 72.164
11.9715 55.2459
31.4279 90.6477
11.5256 68.5223
25.1607 63.998
43.4886 89.1067
21.2324 73.909
0.678039 67.8108
26.9185 79.4453
0.522867 15.5153
23.0486 60.2879
9.31167 22.1993
17.9242 99.7174
29.1682 38.5657
48.9809 91.0091
2.53298 7.98969
19.9612 21.1449
52.5728 57.7789
10.6089 69.3045
21.0952 74.6069
10.2018 94.4652
15.6976 18.0955
18.7735 84.1108
63.5561 83.5084
45.6921 99.0238
64.079 68.7407
59.3116 73.3907
77.2359 90.94
29.5057 73.1081
6.40408 64.1172
14.3938 78.4866
66.6502 99.6315
24.4291 34.355
44.9639 52.2043
73.2995 93.7336
19.5708 88.1987
