44.6286 54.6286
69.2185 79.2185
31.4515 41.4515
39.4041 49.4041
43.3699 53.3699
14.9402 24.9402
40.9481 50.9481
58.8474 68.8474
4.53426 14.5343
78.8121 88.8121
62.9406 72.9406
54.4142 64.4142
29.6184 39.6184
80.2598 90.2598
82.6845 92.6845
51.4719 61.4719
28.0193 38.0193
40.0891 50.0891
64.7947 74.7947
83.5339 93.5339
50.7575 60.7575
8.12583 18.1258
17.3191 27.3191
64.521 74.521
49.3392 59.3392
18.8253 28.8253
59.863 69.863
64.4779 74.4779
38.3924 48.3924
21.9245 31.9245
63.7177 73.7177
83.021 93.021
49.5875 59.5875
6.16915 16.1692
80.8695 90.8695
3.95733 13.9573
69.5538 79.5538
31.8176 41.8176
21.2492 31.2492
32.5325 42.5325
70.0742 80.0742
84.1898 94.1898
86.9467 96.9467
9.69255 19.6925
32.894 42.894
39.0756 49.0756
19.6088 29.6088
19.3578 29.3578
79.1647 89.1647
84.4036 94.4036
62.3361 72.3361
88.3667 98.3667
2.52941 12.5294
38.0997 48.0997
63.8876 73.8876
11.3131 21.3131
57.9249 67.9249
82.195 92.195
34.2354 44.2354
6.31735 16.3173
62.564 72.564
8.95312 18.9531
89.3383 99.3383
23.1515 33.1515
63.5667 73.5667
38.6523 48.6523
27.1088 37.1088
43.1205 53.1205
28.9143 38.9143
6.80244 16.8024
34.0975 44.0975
8.98846 18.9885
0.992231 10.9922
32.0443 42.0443
18.681 28.681
82.3307 92.3307
71.1199 81.1199
38.2899 48.2899
12.6885 22.6885
60.2846 70.2846
82.1379 92.1379
75.0246 85.0246
18.0957 28.0957
43.1117 53.1117
23.1243 33.1243
40.4278 50.4278
12.8693 22.8693
81.0492 91.0492
32.6228 42.6228
6.54915 16.5492
87.3665 97.3665
5.18686 15.1869
15.5023 25.5023
45.1493 55.1493
28.3383 38.3383
37.5134 47.5134
42.246 52.246
13.8916 23.8916
39.0784 49.0784
72.1603 82.1603
69.1385 79.1385
73.176 83.176
81.1488 91.1488
70.1307 80.1307
15.2202 25.2202
59.2742 69.2742
63.4614 73.4614
86.3401 96.3401
56.0085 66.0085
34.5944 44.5944
16.0692 26.0692
48.1464 58.1464
19.6189 29.6189
82.6094 92.6094
50.7026 60.7026
42.7432 52.7432
33.0372 43.0372
63.5719 73.5719
83.2368 93.2368
65.66 75.66
70.121 80.121
39.0478 49.0478
29.2913 39.2913
44.0677 54.0677
43.6416 53.6416
17.0741 27.0741
40.0256 50.0256
85.8876 95.8876
79.4101 89.4101
79.1041 89.1041
26.4923 36.4923
59.5486 69.5486
63.28 73.28
67.0855 77.0855
88.1238 98.1238
36.9447 46.9447
36.3598 46.3598
20.0296 30.0296
82.7293 92.7293
2.36828 12.3683
54.624 64.624
57.2429 67.2429
51.5147 61.5147
74.2429 84.2429
49.8523 59.8523
60.6617 70.6617
76.4306 86.4306
82.8895 92.8895
34.2336 44.2336
69.6674 79.6674
16.9939 26.9939
63.799 73.799
67.1597 77.1597
46.2852 56.2852
66.3112 76.3112
20.8012 30.8012
21.8037 31.8037
17.3368 27.3368
17.6888 27.6888
12.2139 22.2139
54.8853 64.8853
44.1811 54.1811
71.7625 81.7625
76.6098 86.6098
21.2667 31.2667
69.8862 79.8862
24.5545 34.5545
16.0709 26.0709
0.915855 10.9159
65.7282 75.7282
19.4392 29.4392
55.5398 65.5398
32.9711 42.9711
29.3983 39.3983
89.2272 99.2272
41.2678 51.2678
0.0599986 10.06
75.6578 85.6578
82.6017 92.6017
82.738 92.738
13.7697 23.7697
9.59561 19.5956
14.9815 24.9815
80.9294 90.9294
14.3252 24.3252
40.7371 50.7371
12.7306 22.7306
37.129 47.129
16.5184 26.5184
78.8639 88.8639
7.78728 17.7873
71.4037 81.4037
81.4894 91.4894
79.5497 89.5497
17.4579 27.4579
62.2006 72.2006
17.8804 27.8804
0.456818 10.4568
78.2714 88.2714
18.7963 28.7963
66.185 76.185
56.155 66.155
33.7806 43.7806
57.6005 67.6005
85.5533 95.5533
33.0078 43.0078
8.86833 18.8683
44.0578 54.0578
67.11 77.11
1.47005 11.47
86.2402 96.2402
39.3241 49.3241
59.5101 69.5101
59.6661 69.6661
30.2535 40.2535
32.2798 42.2798
10.4033 20.4033
1.42852 11.4285
27.8532 37.8532
26.9216 36.9216
80.2924 90.2924
35.6405 45.6405
57.7698 67.7698
31.2263 41.2263
73.6347 83.6347
75.2277 85.2277
3.42682 13.4268
2.51509 12.5151
75.6845 85.6845
40.1427 50.1427
69.7558 79.7558
10.3139 20.3139
7.29772 17.2977
13.5364 23.5364
67.9145 77.9145
51.2955 61.2955
4.98857 14.9886
35.2272 45.2272
54.7977 64.7977
30.543 40.543
85.1417 95.1417
9.48232 19.4823
69.8672 79.8672
13.0963 23.0963
69.1485 79.1485
11.1206 21.1206
45.376 55.376
80.5517 90.5517
60.9936 70.9936
74.2293 84.2293
65.9178 75.9178
10.7304 20.7304
68.3142 78.3142
33.6876 43.6876
41.9567 51.9567
52.9489 62.9489
18.9153 28.9153
3.82797 13.828
55.464 65.464
53.0442 63.0442
43.9707 53.9707
35.2198 45.2198
63.3581 73.3581
9.71283 19.7128
8.20058 18.2006
41.2726 51.2726
62.0083 72.0083
61.6336 71.6336
34.9443 44.9443
75.2504 85.2504
3.17664 13.1766
30.086 40.086
84.7327 94.7327
73.0438 83.0438
43.1822 53.1822
63.8812 73.8812
42.6089 52.6089
48.0027 58.0027
12.8773 22.8773
14.6025 24.6025
32.232 42.232
79.7952 89.7952
25.3329 35.3329
10.5462 20.5462
71.9272 81.9272
25.7341 35.7341
63.4951 73.4951
50.2869 60.2869
29.5621 39.5621
77.4035 87.4035
13.3311 23.3311
31.9772 41.9772
72.0677 82.0677
77.6892 87.6892
42.69 52.69
38.7127 48.7127
77.4063 87.4063
63.1427 73.1427
10.3463 20.3463
23.3505 33.3505
48.3931 58.3931
13.523 23.523
11.8809 21.8809
1.57031 11.5703
46.0112 56.0112
14.5076 24.5076
65.4515 75.4515
88.6201 98.6201
62.5104 72.5104
37.7733 47.7733
61.6671 71.6671
4.74235 14.7423
76.0129 86.0129
45.4444 55.4444
63.733 73.733
57.9401 67.9401
71.1785 81.1785
86.6725 96.6725
18.2269 28.2269
59.185 69.185
32.5204 42.5204
81.0025 91.0025
2.16217 12.1622
14.5882 24.5882
68.6917 78.6917
3.2966 13.2966
53.3009 63.3009
14.5424 24.5424
66.4393 76.4393
23.0917 33.0917
86.3374 96.3374
73.2769 83.2769
85.0591 95.0591
9.21832 19.2183
74.8472 84.8472
41.0704 51.0704
72.1704 82.1704
8.74314 18.7431
89.1349 99.1349
44.6807 54.6807
46.5164 56.5164
60.802 70.802
49.4231 59.4231
80.9738 90.9738
17.2464 27.2464
71.6005 81.6005
49.9138 59.9138
46.8694 56.8694
68.273 78.273
26.5852 36.5852
65.4988 75.4988
60.2379 70.2379
17.5877 27.5877
26.1054 36.1054
74.826 84.826
44.7238 54.7238
29.402 39.402
87.5714 97.5714
60.2662 70.2662
54.2858 64.2858
69.1075 79.1075
15.048 25.048
37.5627 47.5627
64.1666 74.1666
24.2663 34.2663
70.8543 80.8543
16.237 26.237
6.4367 16.4367
79.5975 89.5975
15.3719 25.3719
9.5619 19.5619
85.5583 95.5583
76.1739 86.1739
17.4294 27.4294
76.5321 86.5321
51.8647 61.8647
0.029959 10.03
84.8903 94.8903
58.1785 68.1785
26.7474 36.7474
70.92 80.92
82.1218 92.1218
86.9853 96.9853
88.5076 98.5076
18.2272 28.2272
31.2558 41.2558
44.2314 54.2314
6.07363 16.0736
77.2716 87.2716
62.942 72.942
60.3594 70.3594
56.3792 66.3792
77.99 87.99
56.3665 66.3665
30.5458 40.5458
61.7008 71.7008
37.2209 47.2209
46.7828 56.7828
26.582 36.582
75.2628 85.2628
62.1547 72.1547
37.1438 47.1438
70.8211 80.8211
7.77302 17.773
54.5733 64.5733
16.7977 26.7977
18.0822 28.0822
13.0477 23.0477
60.1324 70.1324
34.7051 44.7051
40.7951 50.7951
41.0524 51.0524
26.8269 36.8269
86.2249 96.2249
89.0045 99.0045
45.0541 55.0541
27.4807 37.4807
1.68035 11.6803
51.1277 61.1277
14.7523 24.7523
23.0668 33.0668
21.4871 31.4871
71.1315 81.1315
11.0569 21.0569
36.2981 46.2981
61.1217 71.1217
31.2021 41.2021
73.5189 83.5189
17.9045 27.9045
58.7841 68.7841
59.7817 69.7817
39.5037 49.5037
54.3724 64.3724
89.0473 99.0473
5.72116 15.7212
18.9457 28.9457
64.2894 74.2894
23.8033 33.8033
81.4378 91.4378
35.4218 45.4218
59.5085 69.5085
32.2329 42.2329
34.9187 44.9187
44.7798 54.7798
76.9022 86.9022
82.3676 92.3676
0.833865 10.8339
15.3829 25.3829
84.048 94.048
10.406 20.406
78.5797 88.5797
17.1148 27.1148
81.3375 91.3375
19.1556 29.1556
77.6161 87.6161
27.6356 37.6356
80.2774 90.2774
18.8183 28.8183
12.1545 22.1545
56.6263 66.6263
77.6024 87.6024
30.3807 40.3807
6.13003 16.13
41.9747 51.9747
29.4279 39.4279
11.8512 21.8512
20.3648 30.3648
4.71729 14.7173
85.099 95.099
11.8026 21.8026
88.5836 98.5836
13.0519 23.0519
2.47998 12.48
33.5022 43.5022
57.8317 67.8317
79.3822 89.3822
75.3143 85.3143
17.11 27.11
53.2096 63.2096
69.3623 79.3623
28.516 38.516
1.23369 11.2337
45.9215 55.9215
68.298 78.298
68.8338 78.8338
33.5377 43.5377
5.93356 15.9336
59.1111 69.1111
52.3559 62.3559
66.5325 76.5325
74.1819 84.1819
89.4027 99.4027
55.3576 65.3576
81.3119 91.3119
89.8219 99.8219
85.7855 95.7855
51.6076 61.6076
20.1867 30.1867
48.9473 58.9473
5.15097 15.151
