52 77
16 41
61 86
35 60
25 50
23 48
51 76
37 62
43 68
51 76
72 97
48 73
50 75
27 52
45 70
66 91
47 72
63 88
68 93
23 48
4 29
53 78
22 47
60 85
36 61
10 35
41 66
45 70
5 30
11 36
10 35
34 59
4 29
49 74
46 71
6 31
72 97
23 48
20 45
17 42
74 99
17 42
43 68
26 51
22 47
13 38
17 42
46 71
1 26
10 35
69 94
5 30
41 66
68 93
65 90
54 79
3 28
8 33
24 49
61 86
71 96
12 37
72 97
0 25
61 86
44 69
58 83
35 60
44 69
3 28
29 54
20 45
73 98
72 97
23 48
20 45
10 35
40 65
43 68
63 88
28 53
14 39
68 93
46 71
8 33
35 60
25 50
63 88
21 46
26 51
26 51
69 94
38 63
24 49
70 95
1 26
45 70
30 55
36 61
66 91
34 59
66 91
11 36
32 57
40 65
34 59
29 54
28 53
51 76
72 97
16 41
56 81
11 36
62 87
4 29
71 96
74 99
29 54
60 85
72 97
33 58
11 36
67 92
71 96
12 37
39 64
73 98
57 82
69 94
11 36
48 73
28 53
54 79
36 61
60 85
20 45
70 95
66 91
48 73
24 49
63 88
41 66
5 30
52 77
28 53
62 87
48 73
5 30
68 93
10 35
2 27
26 51
74 99
69 94
0 25
11 36
33 58
50 75
46 71
5 30
61 86
71 96
33 58
18 43
33 58
71 96
38 63
5 30
62 87
63 88
6 31
28 53
29 54
12 37
57 82
35 60
74 99
7 32
17 42
67 92
18 43
19 44
71 96
17 42
66 91
71 96
5 30
1 26
46 71
28 53
6 31
9 34
25 50
40 65
27 52
35 60
13 38
42 67
40 65
0 25
30 55
24 49
5 30
37 62
36 61
62 87
49 74
12 37
70 95
66 91
56 81
65 90
10 35
29 54
59 84
53 78
2 27
41 66
55 80
25 50
70 95
61 86
35 60
20 45
26 51
39 64
55 80
16 41
7 32
72 97
17 42
14 39
21 46
74 99
28 53
34 59
62 87
2 27
23 48
34 59
68 93
57 82
1 26
56 81
63 88
37 62
34 59
66 91
3 28
14 39
16 41
73 98
53 78
51 76
70 95
56 81
68 93
27 52
73 98
52 77
2 27
67 92
66 91
23 48
66 91
20 45
35 60
30 55
74 99
35 60
41 66
68 93
69 94
19 44
26 51
58 83
56 81
37 62
26 51
60 85
29 54
42 67
35 60
7 32
71 96
31 56
63 88
64 89
58 83
38 63
41 66
60 85
30 55
9 34
61 86
74 99
6 31
73 98
6 31
6 31
10 35
48 73
74 99
57 82
67 92
2 27
40 65
26 51
39 64
66 91
11 36
68 93
10 35
23 48
52 77
6 31
54 79
18 43
70 95
15 40
56 81
13 38
0 25
64 89
23 48
38 63
63 88
29 54
13 38
69 94
35 60
24 49
19 44
11 36
6 31
64 89
65 90
23 48
15 40
30 55
66 91
3 28
0 25
1 26
26 51
30 55
60 85
58 83
48 73
55 80
73 98
6 31
46 71
50 75
70 95
46 71
14 39
35 60
0 25
4 29
7 32
13 38
28 53
3 28
1 26
11 36
67 92
67 92
11 36
59 84
74 99
2 27
62 87
51 76
56 81
66 91
6 31
41 66
49 74
31 56
73 98
47 72
15 40
21 46
22 47
62 87
67 92
13 38
23 48
68 93
18 43
7 32
58 83
23 48
10 35
59 84
12 37
55 80
28 53
23 48
39 64
27 52
3 28
4 29
4 29
59 84
70 95
62 87
2 27
44 69
71 96
52 77
68 93
11 36
74 99
67 92
73 98
66 91
58 83
73 98
36 61
53 78
57 82
19 44
1 26
68 93
56 81
65 90
25 50
9 34
14 39
41 66
14 39
17 42
45 70
70 95
53 78
17 42
57 82
32 57
38 63
30 55
9 34
31 56
41 66
60 85
1 26
40 65
52 77
59 84
15 40
13 38
37 62
73 98
10 35
15 40
43 68
66 91
6 31
68 93
52 77
20 45
11 36
66 91
14 39
34 59
61 86
44 69
51 76
21 46
1 26
15 40
51 76
62 87
23 48
70 95
48 73
24 49
12 37
2 27
60 85
27 52
15 40
22 47
25 50
25 50
38 63
45 70
68 93
21 46
15 40
23 48
18 43
27 52
14 39
32 57
61 86
53 78
53 78
37 62
