9.61499 58.615
17.0576 66.0576
2.47555 51.4755
0.0181227 49.0181
14.6887 63.6887
44.9172 93.9172
20.9697 69.9697
21.0434 70.0434
46.3783 95.3783
24.1724 73.1724
50.4077 99.4077
41.3479 90.3479
47.2561 96.2561
29.1638 78.1638
9.141 58.141
3.24809 52.2481
37.9882 86.9882
25.4635 74.4635
22.2091 71.2091
49.0528 98.0528
4.45099 53.451
42.6821 91.6821
19.0226 68.0226
1.35153 50.3515
33.3566 82.3566
46.4641 95.4641
32.3122 81.3122
16.6959 65.696
3.88388 52.8839
43.2644 92.2644
32.9429 81.9429
49.342 98.342
45.1651 94.1651
20.2616 69.2616
49.3601 98.3601
9.85384 58.8538
50.0219 99.0219
4.17294 53.1729
15.7404 64.7404
46.4002 95.4002
28.3454 77.3454
15.1481 64.1481
36.7481 85.7481
9.44456 58.4446
29.155 78.155
30.7323 79.7323
12.6927 61.6927
17.1433 66.1433
41.0389 90.0389
34.9017 83.9017
15.1961 64.1961
46.4899 95.4899
26.5838 75.5838
19.0618 68.0618
32.6846 81.6846
8.94042 57.9404
14.5258 63.5258
14.9967 63.9967
10.4795 59.4795
3.25285 52.2529
43.1042 92.1042
29.2656 78.2656
1.59485 50.5949
22.1125 71.1125
49.5272 98.5272
35.7981 84.7981
16.8095 65.8095
49.5492 98.5492
25.8142 74.8142
33.5499 82.5499
29.7925 78.7925
3.15954 52.1595
33.5411 82.5411
0.383754 49.3838
49.4472 98.4472
12.6962 61.6962
32.116 81.116
11.1399 60.1399
14.6826 63.6826
22.1549 71.1549
31.8848 80.8848
29.8786 78.8786
2.48796 51.488
43.3118 92.3118
34.7836 83.7836
36.1725 85.1725
38.0953 87.0953
49.3094 98.3094
0.169266 49.1693
48.5748 97.5748
38.4054 87.4054
43.2735 92.2735
26.8404 75.8404
40.0002 89.0002
50.2291 99.2291
11.2108 60.2108
10.6415 59.6415
17.0386 66.0386
45.603 94.603
36.4557 85.4557
50.5884 99.5884
9.23869 58.2387
24.4583 73.4583
17.9727 66.9727
9.62244 58.6224
22.9056 71.9056
30.6689 79.6689
41.7385 90.7385
19.8886 68.8886
45.3514 94.3514
49.7365 98.7365
0.773385 49.7734
10.0732 59.0732
1.22446 50.2245
44.0851 93.0851
44.8568 93.8568
37.397 86.397
31.1805 80.1805
28.0093 77.0093
22.4094 71.4094
14.5984 63.5984
15.4147 64.4147
50.526 99.526
26.282 75.282
41.258 90.258
50.7552 99.7552
37.4927 86.4927
36.7426 85.7426
16.7937 65.7937
16.9389 65.9389
22.1983 71.1983
1.2253 50.2253
26.1776 75.1776
46.6566 95.6566
19.198 68.198
36.8 85.8
4.40532 53.4053
35.71 84.71
12.3816 61.3816
24.2939 73.2939
30.0614 79.0614
11.1181 60.1181
25.0673 74.0673
24.9778 73.9778
49.1857 98.1857
2.9956 51.9956
3.67768 52.6777
35.5827 84.5827
35.1761 84.1761
32.687 81.687
43.8353 92.8353
34.6176 83.6176
32.9448 81.9448
43.3613 92.3613
9.89957 58.8996
23.2028 72.2028
43.1165 92.1165
33.2354 82.2354
44.7885 93.7885
44.7533 93.7533
50.1743 99.1743
15.9868 64.9868
45.9786 94.9786
11.1951 60.1951
48.4866 97.4866
15.1766 64.1766
32.8382 81.8382
1.89188 50.8919
50.8866 99.8866
45.2198 94.2198
11.029 60.029
14.7912 63.7912
42.1811 91.1811
36.0963 85.0963
25.6121 74.6121
40.3668 89.3668
23.935 72.935
29.2898 78.2898
9.79268 58.7927
43.9542 92.9542
10.9767 59.9767
2.62794 51.6279
27.5718 76.5718
44.9215 93.9215
46.9892 95.9892
38.4714 87.4714
1.9674 50.9674
23.9488 72.9488
20.7068 69.7068
47.7559 96.7559
18.7021 67.7021
4.72428 53.7243
48.5859 97.5859
49.5239 98.5239
15.9193 64.9193
30.9156 79.9156
13.7005 62.7005
48.7575 97.7575
32.8075 81.8075
49.4303 98.4303
28.8205 77.8205
28.6795 77.6795
50.0646 99.0646
4.84475 53.8448
13.7758 62.7758
24.6767 73.6767
45.2116 94.2116
23.554 72.554
2.96648 51.9665
39.8474 88.8474
16.5082 65.5082
50.7864 99.7864
28.3185 77.3185
45.08 94.08
29.551 78.551
9.15083 58.1508
32.5514 81.5514
16.3615 65.3615
33.0996 82.0996
38.1014 87.1014
48.9606 97.9606
36.6449 85.6449
42.8256 91.8256
47.5465 96.5465
36.1688 85.1688
8.74497 57.745
27.4621 76.4621
34.7124 83.7124
42.3457 91.3457
46.1127 95.1127
34.1427 83.1427
5.00931 54.0093
23.7922 72.7922
18.0504 67.0504
9.85406 58.8541
23.4112 72.4112
27.5702 76.5703
39.9088 88.9088
46.9651 95.9651
15.3799 64.3799
29.7562 78.7562
12.4733 61.4733
15.1662 64.1662
7.07461 56.0746
42.3965 91.3965
44.7172 93.7172
16.2254 65.2254
23.9479 72.9479
46.9219 95.9219
34.1682 83.1682
46.8924 95.8924
44.8825 93.8825
20.8131 69.8131
39.7181 88.7181
26.2722 75.2722
41.8251 90.8251
33.3062 82.3062
39.5774 88.5774
25.5375 74.5375
9.49495 58.495
34.69 83.69
44.5234 93.5234
15.5043 64.5043
43.3254 92.3254
11.5738 60.5738
10.2015 59.2015
0.579655 49.5797
23.9872 72.9872
0.110228 49.1102
32.3879 81.3879
40.3671 89.3671
29.8664 78.8664
30.7044 79.7044
4.53329 53.5333
21.7841 70.7841
22.1009 71.1009
35.0937 84.0937
22.8527 71.8527
31.892 80.892
31.0156 80.0156
41.8641 90.8641
27.7844 76.7844
9.74125 58.7413
47.5204 96.5204
1.34555 50.3456
37.0134 86.0134
38.3455 87.3455
34.6517 83.6517
25.5908 74.5908
13.883 62.883
29.9898 78.9898
45.1239 94.1239
7.40638 56.4064
45.4941 94.4941
22.2924 71.2924
4.82333 53.8233
4.69552 53.6955
8.71521 57.7152
28.8105 77.8105
40.6489 89.6489
41.1031 90.1032
18.1776 67.1776
4.35841 53.3584
20.8076 69.8076
8.55401 57.554
26.1425 75.1425
43.9085 92.9085
43.6477 92.6477
33.8384 82.8384
9.64357 58.6436
8.5064 57.5064
25.7025 74.7025
22.2711 71.2711
18.2477 67.2477
7.06596 56.066
24.6166 73.6166
40.1042 89.1042
46.4114 95.4114
44.1115 93.1115
50.5381 99.5381
9.29441 58.2944
23.1013 72.1013
29.5052 78.5052
1.54393 50.5439
2.43846 51.4385
37.6407 86.6407
6.36726 55.3673
43.9771 92.9771
46.356 95.356
36.1778 85.1778
33.626 82.626
36.4591 85.4591
39.1985 88.1985
38.9844 87.9844
43.1098 92.1098
47.7525 96.7525
49.9701 98.9701
20.8614 69.8614
40.4002 89.4002
33.8085 82.8085
30.505 79.505
33.7497 82.7497
44.3541 93.3541
1.77605 50.776
37.8405 86.8405
0.42003 49.42
11.2358 60.2358
11.7878 60.7878
46.8314 95.8314
5.34726 54.3473
12.3259 61.3259
40.969 89.969
28.4485 77.4485
26.6743 75.6743
43.5129 92.5129
31.887 80.887
13.315 62.315
34.7233 83.7233
24.8641 73.8641
8.67095 57.671
19.9011 68.9011
7.49012 56.4901
30.9732 79.9732
9.09958 58.0996
31.3177 80.3177
23.083 72.083
5.85207 54.8521
31.2878 80.2878
43.9444 92.9444
32.0954 81.0954
14.0962 63.0962
8.29253 57.2925
50.6882 99.6882
43.2934 92.2934
10.0686 59.0686
37.5287 86.5287
43.7135 92.7135
22.3044 71.3044
50.3165 99.3165
25.388 74.388
27.6516 76.6516
47.4856 96.4856
0.200169 49.2002
40.9433 89.9433
23.1599 72.1599
43.7131 92.7131
6.67344 55.6734
37.4749 86.4749
13.2795 62.2795
31.5375 80.5376
30.989 79.989
33.1806 82.1806
24.8708 73.8708
46.8053 95.8053
27.1233 76.1233
5.18847 54.1885
18.8883 67.8883
18.8186 67.8186
36.4762 85.4762
47.6758 96.6758
35.7571 84.7571
35.4156 84.4156
4.96837 53.9684
35.4453 84.4453
27.709 76.709
0.88009 49.8801
22.974 71.974
6.26562 55.2656
8.02761 57.0276
7.13365 56.1336
31.6537 80.6537
20.5224 69.5224
3.61926 52.6193
16.697 65.697
10.4657 59.4657
26.7791 75.7791
46.2532 95.2532
18.1391 67.1392
49.0971 98.0971
8.53274 57.5327
34.5198 83.5198
14.9292 63.9292
26.5565 75.5565
8.39064 57.3906
10.7345 59.7345
3.67986 52.6799
50.4222 99.4222
15.4659 64.4659
7.34155 56.3416
35.8985 84.8985
47.9849 96.9849
43.0986 92.0986
21.314 70.314
2.95326 51.9533
12.387 61.387
33.8662 82.8662
39.6765 88.6765
35.361 84.361
40.1318 89.1318
47.7041 96.7041
42.4947 91.4947
5.62861 54.6286
2.06963 51.0696
46.1139 95.1139
23.3256 72.3256
12.5353 61.5353
7.73618 56.7362
18.5788 67.5788
15.5176 64.5176
5.8333 54.8333
27.1115 76.1115
35.8806 84.8806
20.7625 69.7625
2.66802 51.668
44.2712 93.2712
17.3402 66.3402
42.191 91.191
28.5366 77.5366
17.6492 66.6492
34.3757 83.3757
14.4351 63.4351
14.6341 63.6341
26.4743 75.4743
20.5923 69.5923
2.43051 51.4305
24.7045 73.7045
39.3016 88.3016
42.107 91.107
44.9086 93.9086
29.4334 78.4334
23.6542 72.6542
37.4033 86.4033
35.062 84.062
25.7239 74.7239
17.3604 66.3604
43.2307 92.2307
24.1024 73.1024
9.93967 58.9397
46.6526 95.6526
24.4631 73.4631
1.61611 50.6161
22.7642 71.7642
9.34372 58.3437
7.22176 56.2218
11.2753 60.2753
39.4581 88.4581
24.5619 73.5619
38.3095 87.3095
16.9947 65.9947
42.2111 91.2111
22.6852 71.6852
16.2729 65.273
6.84525 55.8453
34.0026 83.0026
21.7084 70.7084
45.1189 94.1189
7.7071 56.7071
11.0099 60.0099
37.2259 86.2259
2.61574 51.6157
