Test #1
12 254 276 452 

Test #2
54 56 227 261 314 377 397 419 462 

Test #3
9 83 93 268 347 359 

Test #4
68 70 100 183 236 252 

Test #5
327 

Test #6
82 96 179 232 417 

Test #7
29 85 202 206 266 278 294 477 482 

Test #8
464 

Test #9
44 194 316 330 478 

Test #10
94 148 218 250 337 362 370 

Test #11
115 123 147 317 343 371 432 

Test #12
19 98 

Test #13
199 213 239 396 

Test #14
57 262 282 460 

Test #15
5 

Test #16
242 286 418 

Test #17
52 495 

Test #18
21 36 92 245 345 

Test #19
57 262 282 460 

Test #20
44 194 316 330 478 

Test #21
184 

Test #22
78 136 409 448 489 

Test #23
142 169 249 263 381 461 

Test #24
38 350 366 400 447 

Test #25
35 89 118 155 167 207 225 259 351 457 

Test #26
9 83 93 268 347 359 

Test #27
185 299 421 494 

Test #28
46 222 408 

Test #29
108 201 241 341 

Test #30
226 243 265 426 453 

Test #31
21 36 92 245 345 

Test #32
20 33 101 295 364 367 496 

Test #33
16 25 42 214 235 291 312 331 348 384 

Test #34
26 110 388 394 

Test #35
115 123 147 317 343 371 432 

Test #36
106 

Test #37
113 467 

Test #38
23 228 234 310 433 442 

Test #39
119 171 180 191 390 465 469 493 

Test #40
52 495 

Test #41
88 168 187 304 342 363 

Test #42
238 428 481 

Test #43
17 154 195 215 297 

Test #44
12 254 276 452 

Test #45
186 211 251 

Test #46
31 59 79 174 284 424 484 

Test #47
138 267 

Test #48
94 148 218 250 337 362 370 

Test #49
13 24 192 411 412 

Test #50
52 495 

Test #51
46 222 408 

Test #52
32 40 103 135 176 326 339 486 

Test #53
88 168 187 304 342 363 

Test #54
35 89 118 155 167 207 225 259 351 457 

Test #55
6 74 157 172 197 210 

Test #56
52 495 

Test #57
269 321 340 

Test #58
10 87 285 

Test #59
27 41 196 329 

Test #60
142 169 249 263 381 461 

Test #61
150 277 

Test #62
17 154 195 215 297 

Test #63
52 495 

Test #64
8 102 121 130 132 248 375 425 470 

Test #65
186 211 251 

Test #66
10 87 285 

Test #67
129 140 166 217 219 223 301 427 480 500 

Test #68
49 152 170 449 450 

Test #69
4 28 50 58 149 193 204 209 308 403 422 

Test #70
45 66 91 158 190 244 360 415 423 

Test #71
3 131 161 319 380 

Test #72
57 262 282 460 

Test #73
27 41 196 329 

Test #74
258 487 

Test #75
122 141 151 273 389 451 

Test #76
120 128 139 163 208 287 307 353 

Test #77
73 165 233 274 298 313 315 

Test #78
142 169 249 263 381 461 

Test #79
122 141 151 273 389 451 

Test #80
39 65 164 373 441 479 

Test #81
4 28 50 58 149 193 204 209 308 403 422 

Test #82
15 112 220 280 328 

Test #83
52 495 

Test #84
39 65 164 373 441 479 

Test #85
88 168 187 304 342 363 

Test #86
44 194 316 330 478 

Test #87
99 107 143 200 383 395 398 405 474 

Test #88
2 60 159 264 338 379 402 

Test #89
12 254 276 452 

Test #90
13 24 192 411 412 

Test #91
29 85 202 206 266 278 294 477 482 

Test #92
108 201 241 341 

Test #93
108 201 241 341 

Test #94
48 51 63 391 410 435 

Test #95
106 

Test #96
32 40 103 135 176 326 339 486 

Test #97
53 76 325 

Test #98
116 175 224 385 430 

Test #99
73 165 233 274 298 313 315 

Test #100
57 262 282 460 

Test #101
49 152 170 449 450 

Test #102
17 154 195 215 297 

Test #103
11 105 188 279 302 355 416 440 

Test #104
13 24 192 411 412 

Test #105
242 286 418 

Test #106
120 128 139 163 208 287 307 353 

Test #107
32 40 103 135 176 326 339 486 

Test #108
2 60 159 264 338 379 402 

Test #109
16 25 42 214 235 291 312 331 348 384 

Test #110
69 216 256 288 290 335 358 445 

Test #111
97 221 230 253 303 463 

Test #112
6 74 157 172 197 210 

Test #113
7 77 177 334 401 458 497 

Test #114
38 350 366 400 447 

Test #115
162 212 246 318 322 333 349 485 

Test #116
153 281 293 

Test #117
129 140 166 217 219 223 301 427 480 500 

Test #118
106 

Test #119
53 76 325 

Test #120
18 37 67 95 

Test #121
119 171 180 191 390 465 469 493 

Test #122
124 369 429 443 

Test #123
10 87 285 

Test #124
26 110 388 394 

Test #125
182 257 356 437 

Test #126
258 487 

Test #127
47 71 81 386 

Test #128
114 203 271 306 346 399 444 

Test #129
78 136 409 448 489 

Test #130
62 323 454 490 498 

Test #131
122 141 151 273 389 451 

Test #132
184 

Test #133
53 76 325 

Test #134
53 76 325 

Test #135
4 28 50 58 149 193 204 209 308 403 422 

Test #136
269 321 340 

Test #137
182 257 356 437 

Test #138
82 96 179 232 417 

Test #139
120 128 139 163 208 287 307 353 

Test #140
145 156 387 413 

Test #141
78 136 409 448 489 

Test #142
86 237 404 407 434 456 

Test #143
198 336 376 392 

Test #144
129 140 166 217 219 223 301 427 480 500 

Test #145
12 254 276 452 

Test #146
122 141 151 273 389 451 

Test #147
127 352 357 468 499 

Test #148
55 75 309 

Test #149
258 487 

Test #150
111 466 

Test #151
1 84 109 134 231 240 255 472 

Test #152
182 257 356 437 

Test #153
8 102 121 130 132 248 375 425 470 

Test #154
138 267 

Test #155
185 299 421 494 

Test #156
117 173 361 382 

Test #157
5 

Test #158
115 123 147 317 343 371 432 

Test #159
186 211 251 

Test #160
31 59 79 174 284 424 484 

Test #161
47 71 81 386 

Test #162
198 336 376 392 

Test #163
238 428 481 

Test #164
1 84 109 134 231 240 255 472 

Test #165
53 76 325 

Test #166
189 275 

Test #167
19 98 

Test #168
114 203 271 306 346 399 444 

Test #169
8 102 121 130 132 248 375 425 470 

Test #170
69 216 256 288 290 335 358 445 

Test #171
113 467 

Test #172
22 90 126 378 475 476 

Test #173
138 267 

Test #174
269 321 340 

Test #175
86 237 404 407 434 456 

Test #176
62 323 454 490 498 

Test #177
11 105 188 279 302 355 416 440 

Test #178
21 36 92 245 345 

Test #179
162 212 246 318 322 333 349 485 

Test #180
97 221 230 253 303 463 

Test #181
300 372 455 

Test #182
73 165 233 274 298 313 315 

Test #183
8 102 121 130 132 248 375 425 470 

Test #184
104 137 229 332 

Test #185
61 72 354 

Test #186
55 75 309 

Test #187
17 154 195 215 297 

Test #188
13 24 192 411 412 

Test #189
189 275 

Test #190
115 123 147 317 343 371 432 

Test #191
43 406 

Test #192
238 428 481 

Test #193
115 123 147 317 343 371 432 

Test #194
242 286 418 

Test #195
14 64 414 

Test #196
45 66 91 158 190 244 360 415 423 

Test #197
18 37 67 95 

Test #198
142 169 249 263 381 461 

Test #199
205 296 420 473 491 

Test #200
97 221 230 253 303 463 

Test #201
43 406 

Test #202
73 165 233 274 298 313 315 

Test #203
114 203 271 306 346 399 444 

Test #204
19 98 

Test #205
7 77 177 334 401 458 497 

Test #206
86 237 404 407 434 456 

Test #207
464 

Test #208
108 201 241 341 

Test #209
3 131 161 319 380 

Test #210
82 96 179 232 417 

Test #211
88 168 187 304 342 363 

Test #212
53 76 325 

Test #213
11 105 188 279 302 355 416 440 

Test #214
464 

Test #215
69 216 256 288 290 335 358 445 

Test #216
104 137 229 332 

Test #217
138 267 

Test #218
13 24 192 411 412 

Test #219
39 65 164 373 441 479 

Test #220
184 

Test #221
4 28 50 58 149 193 204 209 308 403 422 

Test #222
142 169 249 263 381 461 

Test #223
122 141 151 273 389 451 

Test #224
6 74 157 172 197 210 

Test #225
23 228 234 310 433 442 

Test #226
111 466 

Test #227
199 213 239 396 

Test #228
43 406 

Test #229
27 41 196 329 

Test #230
13 24 192 411 412 

Test #231
18 37 67 95 

Test #232
88 168 187 304 342 363 

Test #233
57 262 282 460 

Test #234
53 76 325 

Test #235
44 194 316 330 478 

Test #236
117 173 361 382 

Test #237
129 140 166 217 219 223 301 427 480 500 

Test #238
184 

Test #239
182 257 356 437 

Test #240
5 

Test #241
44 194 316 330 478 

Test #242
269 321 340 

Test #243
55 75 309 

Test #244
162 212 246 318 322 333 349 485 

Test #245
178 270 311 365 436 

Test #246
116 175 224 385 430 

Test #247
94 148 218 250 337 362 370 

Test #248
18 37 67 95 

Test #249
54 56 227 261 314 377 397 419 462 

Test #250
117 173 361 382 

Test #251
226 243 265 426 453 

Test #252
68 70 100 183 236 252 

Test #253
138 267 

Test #254
150 277 

Test #255
464 

Test #256
88 168 187 304 342 363 

Test #257
184 

Test #258
129 140 166 217 219 223 301 427 480 500 

Test #259
116 175 224 385 430 

Test #260
86 237 404 407 434 456 

Test #261
19 98 

Test #262
27 41 196 329 

Test #263
162 212 246 318 322 333 349 485 

Test #264
205 296 420 473 491 

Test #265
238 428 481 

Test #266
153 281 293 

Test #267
300 372 455 

Test #268
145 156 387 413 

Test #269
2 60 159 264 338 379 402 

Test #270
10 87 285 

Test #271
69 216 256 288 290 335 358 445 

Test #272
29 85 202 206 266 278 294 477 482 

Test #273
133 146 160 320 393 446 483 

Test #274
116 175 224 385 430 

Test #275
53 76 325 

Test #276
3 131 161 319 380 

Test #277
464 

Test #278
144 283 439 

Test #279
6 74 157 172 197 210 

Test #280
12 254 276 452 

Test #281
113 467 

Test #282
205 296 420 473 491 

Test #283
119 171 180 191 390 465 469 493 

Test #284
327 

Test #285
178 270 311 365 436 

Test #286
49 152 170 449 450 

Test #287
324 431 

Test #288
186 211 251 

Test #289
324 431 

Test #290
18 37 67 95 

Test #291
205 296 420 473 491 

Test #292
242 286 418 

Test #293
199 213 239 396 

Test #294
86 237 404 407 434 456 

Test #295
184 

Test #296
1 84 109 134 231 240 255 472 

Test #297
238 428 481 

Test #298
62 323 454 490 498 

Test #299
82 96 179 232 417 

Test #300
8 102 121 130 132 248 375 425 470 

Test #301
39 65 164 373 441 479 

Test #302
78 136 409 448 489 

Test #303
120 128 139 163 208 287 307 353 

Test #304
14 64 414 

Test #305
182 257 356 437 

Test #306
182 257 356 437 

Test #307
8 102 121 130 132 248 375 425 470 

Test #308
10 87 285 

Test #309
44 194 316 330 478 

Test #310
11 105 188 279 302 355 416 440 

Test #311
34 368 

Test #312
117 173 361 382 

Test #313
108 201 241 341 

Test #314
15 112 220 280 328 

Test #315
82 96 179 232 417 

Test #316
97 221 230 253 303 463 

Test #317
45 66 91 158 190 244 360 415 423 

Test #318
54 56 227 261 314 377 397 419 462 

Test #319
184 

Test #320
15 112 220 280 328 

Test #321
142 169 249 263 381 461 

Test #322
153 281 293 

Test #323
27 41 196 329 

Test #324
226 243 265 426 453 

Test #325
238 428 481 

Test #326
86 237 404 407 434 456 

Test #327
29 85 202 206 266 278 294 477 482 

Test #328
226 243 265 426 453 

Test #329
242 286 418 

Test #330
199 213 239 396 

Test #331
32 40 103 135 176 326 339 486 

Test #332
327 

Test #333
34 368 

Test #334
129 140 166 217 219 223 301 427 480 500 

Test #335
106 

Test #336
69 216 256 288 290 335 358 445 

Test #337
108 201 241 341 

Test #338
116 175 224 385 430 

Test #339
48 51 63 391 410 435 

Test #340
199 213 239 396 

Test #341
120 128 139 163 208 287 307 353 

Test #342
120 128 139 163 208 287 307 353 

Test #343
30 80 247 292 344 374 459 488 

Test #344
88 168 187 304 342 363 

Test #345
8 102 121 130 132 248 375 425 470 

Test #346
47 71 81 386 

Test #347
199 213 239 396 

Test #348
117 173 361 382 

Test #349
150 277 

Test #350
57 262 282 460 

Test #351
22 90 126 378 475 476 

Test #352
4 28 50 58 149 193 204 209 308 403 422 

Test #353
8 102 121 130 132 248 375 425 470 

Test #354
324 431 

Test #355
120 128 139 163 208 287 307 353 

Test #356
69 216 256 288 290 335 358 445 

Test #357
62 323 454 490 498 

Test #358
104 137 229 332 

Test #359
189 275 

Test #360
300 372 455 

Test #361
68 70 100 183 236 252 

Test #362
68 70 100 183 236 252 

Test #363
18 37 67 95 

Test #364
226 243 265 426 453 

Test #365
23 228 234 310 433 442 

Test #366
14 64 414 

Test #367
30 80 247 292 344 374 459 488 

Test #368
17 154 195 215 297 

Test #369
111 466 

Test #370
73 165 233 274 298 313 315 

Test #371
11 105 188 279 302 355 416 440 

Test #372
21 36 92 245 345 

Test #373
162 212 246 318 322 333 349 485 

Test #374
62 323 454 490 498 

Test #375
133 146 160 320 393 446 483 

Test #376
18 37 67 95 

Test #377
198 336 376 392 

Test #378
269 321 340 

Test #379
162 212 246 318 322 333 349 485 

Test #380
44 194 316 330 478 

Test #381
12 254 276 452 

Test #382
182 257 356 437 

Test #383
30 80 247 292 344 374 459 488 

Test #384
11 105 188 279 302 355 416 440 

Test #385
15 112 220 280 328 

Test #386
153 281 293 

Test #387
122 141 151 273 389 451 

Test #388
22 90 126 378 475 476 

Test #389
46 222 408 

Test #390
327 

Test #391
122 141 151 273 389 451 

Test #392
269 321 340 

Test #393
144 283 439 

Test #394
31 59 79 174 284 424 484 

Test #395
242 286 418 

Test #396
138 267 

Test #397
15 112 220 280 328 

Test #398
55 75 309 

Test #399
10 87 285 

Test #400
2 60 159 264 338 379 402 

Test #401
20 33 101 295 364 367 496 

Test #402
120 128 139 163 208 287 307 353 

Test #403
88 168 187 304 342 363 

Test #404
162 212 246 318 322 333 349 485 

Test #405
18 37 67 95 

Test #406
19 98 

Test #407
61 72 354 

Test #408
88 168 187 304 342 363 

Test #409
189 275 

Test #410
119 171 180 191 390 465 469 493 

Test #411
185 299 421 494 

Test #412
242 286 418 

Test #413
10 87 285 

Test #414
32 40 103 135 176 326 339 486 

Test #415
108 201 241 341 

Test #416
113 467 

Test #417
3 131 161 319 380 

Test #418
269 321 340 

Test #419
30 80 247 292 344 374 459 488 

Test #420
464 

Test #421
32 40 103 135 176 326 339 486 

Test #422
199 213 239 396 

Test #423
178 270 311 365 436 

Test #424
21 36 92 245 345 

Test #425
116 175 224 385 430 

Test #426
10 87 285 

Test #427
45 66 91 158 190 244 360 415 423 

Test #428
99 107 143 200 383 395 398 405 474 

Test #429
27 41 196 329 

Test #430
62 323 454 490 498 

Test #431
115 123 147 317 343 371 432 

Test #432
27 41 196 329 

Test #433
18 37 67 95 

Test #434
124 369 429 443 

Test #435
19 98 

Test #436
300 372 455 

Test #437
122 141 151 273 389 451 

Test #438
5 

Test #439
238 428 481 

Test #440
15 112 220 280 328 

Test #441
300 372 455 

Test #442
113 467 

Test #443
13 24 192 411 412 

Test #444
205 296 420 473 491 

Test #445
199 213 239 396 

Test #446
16 25 42 214 235 291 312 331 348 384 

Test #447
73 165 233 274 298 313 315 

Test #448
19 98 

Test #449
184 

Test #450
16 25 42 214 235 291 312 331 348 384 

Test #451
5 

Test #452
8 102 121 130 132 248 375 425 470 

Test #453
324 431 

Test #454
111 466 

Test #455
39 65 164 373 441 479 

Test #456
34 368 

Test #457
182 257 356 437 

Test #458
94 148 218 250 337 362 370 

Test #459
258 487 

Test #460
129 140 166 217 219 223 301 427 480 500 

Test #461
189 275 

Test #462
35 89 118 155 167 207 225 259 351 457 

Test #463
104 137 229 332 

Test #464
186 211 251 

Test #465
122 141 151 273 389 451 

Test #466
11 105 188 279 302 355 416 440 

Test #467
120 128 139 163 208 287 307 353 

Test #468
2 60 159 264 338 379 402 

Test #469
10 87 285 

Test #470
11 105 188 279 302 355 416 440 

Test #471
39 65 164 373 441 479 

Test #472
45 66 91 158 190 244 360 415 423 

Test #473
29 85 202 206 266 278 294 477 482 

Test #474
178 270 311 365 436 

Test #475
61 72 354 

Test #476
145 156 387 413 

Test #477
150 277 

Test #478
48 51 63 391 410 435 

Test #479
1 84 109 134 231 240 255 472 

Test #480
129 140 166 217 219 223 301 427 480 500 

Test #481
120 128 139 163 208 287 307 353 

Test #482
111 466 

Test #483
53 76 325 

Test #484
97 221 230 253 303 463 

Test #485
57 262 282 460 

Test #486
61 72 354 

Test #487
7 77 177 334 401 458 497 

Test #488
94 148 218 250 337 362 370 

Test #489
185 299 421 494 

Test #490
125 272 289 305 438 

Test #491
69 216 256 288 290 335 358 445 

Test #492
94 148 218 250 337 362 370 

Test #493
9 83 93 268 347 359 

Test #494
23 228 234 310 433 442 

Test #495
104 137 229 332 

Test #496
54 56 227 261 314 377 397 419 462 

Test #497
238 428 481 

Test #498
106 

Test #499
198 336 376 392 

Test #500
114 203 271 306 346 399 444 

