Test #1
67 134 417 451 481 

Test #2
43 130 218 246 

Test #3
51 345 369 415 

Test #4
438 

Test #5
32 115 

Test #6
26 283 449 474 

Test #7
46 110 350 

Test #8
179 294 375 

Test #9
161 233 259 329 

Test #10
431 475 

Test #11
83 104 145 154 166 450 

Test #12
109 142 147 253 310 315 

Test #13
89 256 301 324 362 466 

Test #14
71 172 424 

Test #15
50 97 186 196 207 319 439 

Test #16
90 149 320 360 468 

Test #17
35 78 123 187 364 

Test #18
73 177 298 321 340 447 463 

Test #19
71 172 424 

Test #20
161 233 259 329 

Test #21
111 249 330 419 

Test #22
12 96 367 423 

Test #23
56 165 214 284 479 499 

Test #24
223 260 359 379 384 491 

Test #25
23 28 275 418 426 

Test #26
51 345 369 415 

Test #27
87 127 139 236 412 

Test #28
132 160 216 241 

Test #29
81 211 348 430 488 

Test #30
17 103 124 136 173 445 464 

Test #31
73 177 298 321 340 447 463 

Test #32


Test #33
116 129 152 195 248 255 267 318 355 440 

Test #34
65 72 131 140 213 400 

Test #35
83 104 145 154 166 450 

Test #36
34 54 85 193 237 342 395 

Test #37
135 155 291 381 446 

Test #38
44 60 188 194 266 308 398 407 454 

Test #39
37 112 292 

Test #40
35 78 123 187 364 

Test #41
101 157 163 271 278 

Test #42


Test #43
6 59 79 99 251 372 

Test #44
67 134 417 451 481 

Test #45
38 118 217 279 286 

Test #46
86 272 314 

Test #47
1 247 370 378 

Test #48
431 475 

Test #49
242 257 282 331 461 

Test #50
35 78 123 187 364 

Test #51
132 160 216 241 

Test #52
5 230 254 462 490 

Test #53
101 157 163 271 278 

Test #54
23 28 275 418 426 

Test #55
70 244 

Test #56
35 78 123 187 364 

Test #57
75 202 399 471 

Test #58
3 113 273 496 

Test #59
14 148 210 239 425 458 473 

Test #60
56 165 214 284 479 499 

Test #61
36 137 311 373 

Test #62
6 59 79 99 251 372 

Test #63
35 78 123 187 364 

Test #64
128 212 299 377 392 

Test #65
38 118 217 279 286 

Test #66
3 113 273 496 

Test #67
27 225 274 389 411 442 480 

Test #68
11 39 120 221 341 374 410 489 

Test #69
334 435 

Test #70
114 268 332 335 

Test #71
162 215 229 293 

Test #72
71 172 424 

Test #73
14 148 210 239 425 458 473 

Test #74
174 285 316 346 353 433 

Test #75
95 117 164 220 238 262 409 469 

Test #76
45 52 105 122 406 486 

Test #77
88 305 416 

Test #78
56 165 214 284 479 499 

Test #79
95 117 164 220 238 262 409 469 

Test #80
8 169 170 200 453 

Test #81
334 435 

Test #82
74 168 199 269 270 357 448 

Test #83
35 78 123 187 364 

Test #84
8 169 170 200 453 

Test #85
101 157 163 271 278 

Test #86
161 233 259 329 

Test #87
68 82 143 176 204 459 

Test #88
91 303 492 

Test #89
67 134 417 451 481 

Test #90
242 257 282 331 461 

Test #91
46 110 350 

Test #92
81 211 348 430 488 

Test #93
81 211 348 430 488 

Test #94
4 55 232 264 366 

Test #95
34 54 85 193 237 342 395 

Test #96
5 230 254 462 490 

Test #97
159 245 281 391 401 402 

Test #98
16 100 144 231 484 500 

Test #99
88 305 416 

Test #100
71 172 424 

Test #101
11 39 120 221 341 374 410 489 

Test #102
6 59 79 99 251 372 

Test #103
64 158 185 190 280 323 327 339 444 467 

Test #104
242 257 282 331 461 

Test #105
90 149 320 360 468 

Test #106
45 52 105 122 406 486 

Test #107
5 230 254 462 490 

Test #108
91 303 492 

Test #109
116 129 152 195 248 255 267 318 355 440 

Test #110
197 421 

Test #111
108 234 263 325 408 414 

Test #112
70 244 

Test #113
24 107 356 394 478 

Test #114
223 260 359 379 384 491 

Test #115
40 61 125 192 393 437 

Test #116
119 141 250 304 313 495 

Test #117
27 225 274 389 411 442 480 

Test #118
34 54 85 193 237 342 395 

Test #119
159 245 281 391 401 402 

Test #120
191 205 289 

Test #121
37 112 292 

Test #122
15 57 102 150 206 226 276 312 386 

Test #123
3 113 273 496 

Test #124
65 72 131 140 213 400 

Test #125
94 138 146 287 380 422 434 483 

Test #126
174 285 316 346 353 433 

Test #127
2 156 189 203 

Test #128
33 77 93 153 

Test #129
12 96 367 423 

Test #130
80 167 300 326 354 397 413 

Test #131
95 117 164 220 238 262 409 469 

Test #132
111 249 330 419 

Test #133
159 245 281 391 401 402 

Test #134
159 245 281 391 401 402 

Test #135
334 435 

Test #136
75 202 399 471 

Test #137
94 138 146 287 380 422 434 483 

Test #138
26 283 449 474 

Test #139
45 52 105 122 406 486 

Test #140
29 183 224 322 344 361 

Test #141
12 96 367 423 

Test #142
47 49 243 385 427 487 

Test #143
7 126 227 387 497 

Test #144
27 225 274 389 411 442 480 

Test #145
67 134 417 451 481 

Test #146
95 117 164 220 238 262 409 469 

Test #147
19 41 69 84 198 261 404 429 457 

Test #148
22 53 58 201 252 368 420 

Test #149
174 285 316 346 353 433 

Test #150
222 352 365 432 436 

Test #151
21 181 209 328 358 456 465 477 

Test #152
94 138 146 287 380 422 434 483 

Test #153
128 212 299 377 392 

Test #154
1 247 370 378 

Test #155
87 127 139 236 412 

Test #156
30 31 277 

Test #157
50 97 186 196 207 319 439 

Test #158
83 104 145 154 166 450 

Test #159
38 118 217 279 286 

Test #160
86 272 314 

Test #161
2 156 189 203 

Test #162
7 126 227 387 497 

Test #163


Test #164
21 181 209 328 358 456 465 477 

Test #165
159 245 281 391 401 402 

Test #166
9 265 290 343 351 

Test #167
109 142 147 253 310 315 

Test #168
33 77 93 153 

Test #169
128 212 299 377 392 

Test #170
197 421 

Test #171
135 155 291 381 446 

Test #172
121 184 307 336 388 

Test #173
1 247 370 378 

Test #174
75 202 399 471 

Test #175
47 49 243 385 427 487 

Test #176
80 167 300 326 354 397 413 

Test #177
64 158 185 190 280 323 327 339 444 467 

Test #178
73 177 298 321 340 447 463 

Test #179
40 61 125 192 393 437 

Test #180
108 234 263 325 408 414 

Test #181
18 349 

Test #182
88 305 416 

Test #183
128 212 299 377 392 

Test #184
295 

Test #185
76 151 296 

Test #186
22 53 58 201 252 368 420 

Test #187
6 59 79 99 251 372 

Test #188
242 257 282 331 461 

Test #189
9 265 290 343 351 

Test #190
83 104 145 154 166 450 

Test #191
42 92 182 306 333 403 

Test #192


Test #193
83 104 145 154 166 450 

Test #194
90 149 320 360 468 

Test #195
13 62 175 317 338 376 390 428 441 

Test #196
114 268 332 335 

Test #197
191 205 289 

Test #198
56 165 214 284 479 499 

Test #199
106 288 337 396 485 

Test #200
108 234 263 325 408 414 

Test #201
42 92 182 306 333 403 

Test #202
88 305 416 

Test #203
33 77 93 153 

Test #204
109 142 147 253 310 315 

Test #205
24 107 356 394 478 

Test #206
47 49 243 385 427 487 

Test #207
179 294 375 

Test #208
81 211 348 430 488 

Test #209
162 215 229 293 

Test #210
26 283 449 474 

Test #211
101 157 163 271 278 

Test #212
159 245 281 391 401 402 

Test #213
64 158 185 190 280 323 327 339 444 467 

Test #214
179 294 375 

Test #215
197 421 

Test #216
295 

Test #217
1 247 370 378 

Test #218
242 257 282 331 461 

Test #219
8 169 170 200 453 

Test #220
111 249 330 419 

Test #221
334 435 

Test #222
56 165 214 284 479 499 

Test #223
95 117 164 220 238 262 409 469 

Test #224
70 244 

Test #225
44 60 188 194 266 308 398 407 454 

Test #226
222 352 365 432 436 

Test #227
89 256 301 324 362 466 

Test #228
42 92 182 306 333 403 

Test #229
14 148 210 239 425 458 473 

Test #230
242 257 282 331 461 

Test #231
191 205 289 

Test #232
101 157 163 271 278 

Test #233
71 172 424 

Test #234
159 245 281 391 401 402 

Test #235
161 233 259 329 

Test #236
30 31 277 

Test #237
27 225 274 389 411 442 480 

Test #238
111 249 330 419 

Test #239
94 138 146 287 380 422 434 483 

Test #240
50 97 186 196 207 319 439 

Test #241
161 233 259 329 

Test #242
75 202 399 471 

Test #243
22 53 58 201 252 368 420 

Test #244
40 61 125 192 393 437 

Test #245
302 443 452 472 

Test #246
16 100 144 231 484 500 

Test #247
431 475 

Test #248
191 205 289 

Test #249
43 130 218 246 

Test #250
30 31 277 

Test #251
17 103 124 136 173 445 464 

Test #252
438 

Test #253
1 247 370 378 

Test #254
36 137 311 373 

Test #255
179 294 375 

Test #256
101 157 163 271 278 

Test #257
111 249 330 419 

Test #258
27 225 274 389 411 442 480 

Test #259
16 100 144 231 484 500 

Test #260
47 49 243 385 427 487 

Test #261
109 142 147 253 310 315 

Test #262
14 148 210 239 425 458 473 

Test #263
40 61 125 192 393 437 

Test #264
106 288 337 396 485 

Test #265


Test #266
119 141 250 304 313 495 

Test #267
18 349 

Test #268
29 183 224 322 344 361 

Test #269
91 303 492 

Test #270
3 113 273 496 

Test #271
197 421 

Test #272
46 110 350 

Test #273
10 66 133 208 309 347 371 383 

Test #274
16 100 144 231 484 500 

Test #275
159 245 281 391 401 402 

Test #276
162 215 229 293 

Test #277
179 294 375 

Test #278
228 235 476 

Test #279
70 244 

Test #280
67 134 417 451 481 

Test #281
135 155 291 381 446 

Test #282
106 288 337 396 485 

Test #283
37 112 292 

Test #284
32 115 

Test #285
302 443 452 472 

Test #286
11 39 120 221 341 374 410 489 

Test #287
48 297 482 

Test #288
38 118 217 279 286 

Test #289
48 297 482 

Test #290
191 205 289 

Test #291
106 288 337 396 485 

Test #292
90 149 320 360 468 

Test #293
89 256 301 324 362 466 

Test #294
47 49 243 385 427 487 

Test #295
111 249 330 419 

Test #296
21 181 209 328 358 456 465 477 

Test #297


Test #298
80 167 300 326 354 397 413 

Test #299
26 283 449 474 

Test #300
128 212 299 377 392 

Test #301
8 169 170 200 453 

Test #302
12 96 367 423 

Test #303
45 52 105 122 406 486 

Test #304
13 62 175 317 338 376 390 428 441 

Test #305
94 138 146 287 380 422 434 483 

Test #306
94 138 146 287 380 422 434 483 

Test #307
128 212 299 377 392 

Test #308
3 113 273 496 

Test #309
161 233 259 329 

Test #310
64 158 185 190 280 323 327 339 444 467 

Test #311
98 171 219 405 470 494 498 

Test #312
30 31 277 

Test #313
81 211 348 430 488 

Test #314
74 168 199 269 270 357 448 

Test #315
26 283 449 474 

Test #316
108 234 263 325 408 414 

Test #317
114 268 332 335 

Test #318
43 130 218 246 

Test #319
111 249 330 419 

Test #320
74 168 199 269 270 357 448 

Test #321
56 165 214 284 479 499 

Test #322
119 141 250 304 313 495 

Test #323
14 148 210 239 425 458 473 

Test #324
17 103 124 136 173 445 464 

Test #325


Test #326
47 49 243 385 427 487 

Test #327
46 110 350 

Test #328
17 103 124 136 173 445 464 

Test #329
90 149 320 360 468 

Test #330
89 256 301 324 362 466 

Test #331
5 230 254 462 490 

Test #332
32 115 

Test #333
98 171 219 405 470 494 498 

Test #334
27 225 274 389 411 442 480 

Test #335
34 54 85 193 237 342 395 

Test #336
197 421 

Test #337
81 211 348 430 488 

Test #338
16 100 144 231 484 500 

Test #339
4 55 232 264 366 

Test #340
89 256 301 324 362 466 

Test #341
45 52 105 122 406 486 

Test #342
45 52 105 122 406 486 

Test #343
25 180 240 455 493 

Test #344
101 157 163 271 278 

Test #345
128 212 299 377 392 

Test #346
2 156 189 203 

Test #347
89 256 301 324 362 466 

Test #348
30 31 277 

Test #349
36 137 311 373 

Test #350
71 172 424 

Test #351
121 184 307 336 388 

Test #352
334 435 

Test #353
128 212 299 377 392 

Test #354
48 297 482 

Test #355
45 52 105 122 406 486 

Test #356
197 421 

Test #357
80 167 300 326 354 397 413 

Test #358
295 

Test #359
9 265 290 343 351 

Test #360
18 349 

Test #361
438 

Test #362
438 

Test #363
191 205 289 

Test #364
17 103 124 136 173 445 464 

Test #365
44 60 188 194 266 308 398 407 454 

Test #366
13 62 175 317 338 376 390 428 441 

Test #367
25 180 240 455 493 

Test #368
6 59 79 99 251 372 

Test #369
222 352 365 432 436 

Test #370
88 305 416 

Test #371
64 158 185 190 280 323 327 339 444 467 

Test #372
73 177 298 321 340 447 463 

Test #373
40 61 125 192 393 437 

Test #374
80 167 300 326 354 397 413 

Test #375
10 66 133 208 309 347 371 383 

Test #376
191 205 289 

Test #377
7 126 227 387 497 

Test #378
75 202 399 471 

Test #379
40 61 125 192 393 437 

Test #380
161 233 259 329 

Test #381
67 134 417 451 481 

Test #382
94 138 146 287 380 422 434 483 

Test #383
25 180 240 455 493 

Test #384
64 158 185 190 280 323 327 339 444 467 

Test #385
74 168 199 269 270 357 448 

Test #386
119 141 250 304 313 495 

Test #387
95 117 164 220 238 262 409 469 

Test #388
121 184 307 336 388 

Test #389
132 160 216 241 

Test #390
32 115 

Test #391
95 117 164 220 238 262 409 469 

Test #392
75 202 399 471 

Test #393
228 235 476 

Test #394
86 272 314 

Test #395
90 149 320 360 468 

Test #396
1 247 370 378 

Test #397
74 168 199 269 270 357 448 

Test #398
22 53 58 201 252 368 420 

Test #399
3 113 273 496 

Test #400
91 303 492 

Test #401


Test #402
45 52 105 122 406 486 

Test #403
101 157 163 271 278 

Test #404
40 61 125 192 393 437 

Test #405
191 205 289 

Test #406
109 142 147 253 310 315 

Test #407
76 151 296 

Test #408
101 157 163 271 278 

Test #409
9 265 290 343 351 

Test #410
37 112 292 

Test #411
87 127 139 236 412 

Test #412
90 149 320 360 468 

Test #413
3 113 273 496 

Test #414
5 230 254 462 490 

Test #415
81 211 348 430 488 

Test #416
135 155 291 381 446 

Test #417
162 215 229 293 

Test #418
75 202 399 471 

Test #419
25 180 240 455 493 

Test #420
179 294 375 

Test #421
5 230 254 462 490 

Test #422
89 256 301 324 362 466 

Test #423
302 443 452 472 

Test #424
73 177 298 321 340 447 463 

Test #425
16 100 144 231 484 500 

Test #426
3 113 273 496 

Test #427
114 268 332 335 

Test #428
68 82 143 176 204 459 

Test #429
14 148 210 239 425 458 473 

Test #430
80 167 300 326 354 397 413 

Test #431
83 104 145 154 166 450 

Test #432
14 148 210 239 425 458 473 

Test #433
191 205 289 

Test #434
15 57 102 150 206 226 276 312 386 

Test #435
109 142 147 253 310 315 

Test #436
18 349 

Test #437
95 117 164 220 238 262 409 469 

Test #438
50 97 186 196 207 319 439 

Test #439


Test #440
74 168 199 269 270 357 448 

Test #441
18 349 

Test #442
135 155 291 381 446 

Test #443
242 257 282 331 461 

Test #444
106 288 337 396 485 

Test #445
89 256 301 324 362 466 

Test #446
116 129 152 195 248 255 267 318 355 440 

Test #447
88 305 416 

Test #448
109 142 147 253 310 315 

Test #449
111 249 330 419 

Test #450
116 129 152 195 248 255 267 318 355 440 

Test #451
50 97 186 196 207 319 439 

Test #452
128 212 299 377 392 

Test #453
48 297 482 

Test #454
222 352 365 432 436 

Test #455
8 169 170 200 453 

Test #456
98 171 219 405 470 494 498 

Test #457
94 138 146 287 380 422 434 483 

Test #458
431 475 

Test #459
174 285 316 346 353 433 

Test #460
27 225 274 389 411 442 480 

Test #461
9 265 290 343 351 

Test #462
23 28 275 418 426 

Test #463
295 

Test #464
38 118 217 279 286 

Test #465
95 117 164 220 238 262 409 469 

Test #466
64 158 185 190 280 323 327 339 444 467 

Test #467
45 52 105 122 406 486 

Test #468
91 303 492 

Test #469
3 113 273 496 

Test #470
64 158 185 190 280 323 327 339 444 467 

Test #471
8 169 170 200 453 

Test #472
114 268 332 335 

Test #473
46 110 350 

Test #474
302 443 452 472 

Test #475
76 151 296 

Test #476
29 183 224 322 344 361 

Test #477
36 137 311 373 

Test #478
4 55 232 264 366 

Test #479
21 181 209 328 358 456 465 477 

Test #480
27 225 274 389 411 442 480 

Test #481
45 52 105 122 406 486 

Test #482
222 352 365 432 436 

Test #483
159 245 281 391 401 402 

Test #484
108 234 263 325 408 414 

Test #485
71 172 424 

Test #486
76 151 296 

Test #487
24 107 356 394 478 

Test #488
431 475 

Test #489
87 127 139 236 412 

Test #490
178 382 

Test #491
197 421 

Test #492
431 475 

Test #493
51 345 369 415 

Test #494
44 60 188 194 266 308 398 407 454 

Test #495
295 

Test #496
43 130 218 246 

Test #497


Test #498
34 54 85 193 237 342 395 

Test #499
7 126 227 387 497 

Test #500
33 77 93 153 

