65 66
11 11
85 85
53 53
78 78
15 15
9 9
75 75
5 6
1 1
71 71
5 5
89 89
4 4
8 8
0 0
37 37
81 82
75 75
31 31
3 3
41 41
60 60
50 50
22 22
67 67
78 78
94 94
92 92
24 24
3 3
28 28
83 83
56 56
94 94
31 31
7 7
69 69
43 43
75 75
56 56
17 17
63 63
52 52
17 17
47 47
85 85
93 93
78 78
95 95
9 9
18 18
0 0
89 89
90 90
96 96
20 20
64 64
46 46
62 62
11 11
32 32
55 55
15 15
29 29
75 75
14 14
13 13
96 96
76 76
50 50
1 1
46 46
46 47
85 85
26 26
94 94
94 94
13 13
38 39
96 96
19 19
54 54
14 14
6 6
82 82
33 33
10 10
52 52
64 64
14 14
27 27
23 23
76 76
3 3
32 32
54 54
34 34
16 16
51 51
