65.47 65.66
10.92 10.94
85.19 85.22
52.75 52.78
77.56 77.60
15.08 15.13
9.17 9.19
74.75 74.78
5.49 5.51
1.44 1.50
70.66 70.69
4.96 4.99
89.26 89.28
4.08 4.10
7.57 7.60
0.20 0.22
37.22 37.24
81.47 81.51
75.12 75.17
30.69 30.71
3.38 3.40
40.52 40.60
60.23 60.26
49.91 49.94
21.92 21.96
67.44 67.47
77.63 77.65
94.26 94.29
91.68 91.70
24.37 24.39
3.00 3.03
28.38 28.40
83.11 83.14
56.33 56.35
94.38 94.47
31.18 31.22
7.45 7.47
69.23 69.28
43.24 43.30
74.74 74.76
55.84 55.86
17.42 17.44
62.92 63.00
51.93 51.96
16.89 16.92
47.04 47.06
84.93 84.96
92.69 92.73
77.73 77.75
94.79 94.82
8.94 8.97
17.85 17.87
0.03 0.05
88.60 88.65
90.43 90.47
96.10 96.12
20.44 20.46
64.00 64.02
46.32 46.34
62.07 62.15
10.69 10.71
31.51 31.53
54.69 54.72
15.37 15.39
28.69 28.71
74.91 75.00
14.21 14.25
13.33 13.35
96.46 96.49
76.17 76.19
49.95 49.97
1.33 1.38
46.33 46.35
46.48 46.51
85.05 85.06
25.98 26.06
94.04 94.07
93.95 93.98
12.94 12.97
38.50 38.52
96.26 96.30
19.41 19.43
53.83 53.85
13.89 13.97
6.44 6.46
81.69 81.71
33.14 33.16
10.14 10.16
51.84 51.86
64.30 64.32
13.69 13.71
26.61 26.69
22.79 22.81
76.40 76.43
3.00 3.02
32.26 32.28
54.20 54.23
33.60 33.62
16.00 16.02
50.69 50.71
