65.471000 65.661200
10.917300 10.941000
85.194800 85.218600
52.752300 52.776000
77.564700 77.604800
15.079200 15.126500
9.171860 9.191670
74.748800 74.775200
5.489990 5.513670
1.444270 1.497750
70.664800 70.688800
4.962670 4.986150
89.258800 89.282500
4.077520 4.101520
7.573960 7.597730
0.198677 0.218731
37.215600 37.239300
81.469800 81.509500
75.121700 75.168600
30.685100 30.708600
3.377390 3.397200
40.522900 40.602100
60.233700 60.257700
49.911800 49.935300
21.923100 21.963200
67.444800 67.468700
77.628700 77.652400
94.262800 94.286900
91.677400 91.700900
24.369100 24.392500
3.004510 3.028180
28.380400 28.404100
83.112100 83.135600
56.334500 56.354600
94.377400 94.473000
31.179200 31.219300
7.450280 7.473960
69.228100 69.275700
43.244700 43.298600
74.739000 74.762700
55.836600 55.860400
17.418100 17.437900
62.920900 63.000600
51.934400 51.958200
16.893000 16.917100
47.035700 47.055800
84.931900 84.956000
92.686800 92.726900
77.729500 77.753000
94.794700 94.818200
8.943050 8.966910
17.849100 17.872900
0.025056 0.045087
88.601500 88.649000
90.426300 90.473800
96.095500 96.119000
20.440000 20.463800
64.000400 64.020200
46.320300 46.343700
62.070300 62.149600
10.691100 10.714800
31.510900 31.534400
54.694900 54.718400
15.370600 15.394100
28.691300 28.711300
74.908800 75.002700
14.214500 14.254700
13.331900 13.351900
96.463000 96.486700
76.165100 76.185100
49.947800 49.971900
1.326260 1.379090
46.326500 46.353300
46.483100 46.506600
85.051000 85.064400
25.977000 26.056200
94.044400 94.067900
93.953900 93.977700
12.944600 12.968300
38.496400 38.520200
96.260200 96.299900
19.408200 19.428300
53.831100 53.854600
13.892000 13.971600
6.439630 6.463510
81.690800 81.714800
33.139700 33.163200
10.137500 10.160900
51.838600 51.862500
64.296100 64.316100
13.687900 13.711700
26.614400 26.693700
22.790400 22.813900
76.403900 76.427700
3.000000 3.020050
32.255400 32.279100
54.201600 54.225000
33.596800 33.620700
16.000000 16.020100
50.693800 50.713800
