65.47100000 65.66120000
10.91730000 10.94100000
85.19480000 85.21860000
52.75230000 52.77600000
77.56470000 77.60480000
15.07920000 15.12650000
9.17186000 9.19167000
74.74880000 74.77520000
5.48999000 5.51367000
1.44427000 1.49775000
70.66480000 70.68880000
4.96267000 4.98615000
89.25880000 89.28250000
4.07752000 4.10152000
7.57396000 7.59773000
0.19867700 0.21873100
37.21560000 37.23930000
81.46980000 81.50950000
75.12170000 75.16860000
30.68510000 30.70860000
3.37739000 3.39720000
40.52290000 40.60210000
60.23370000 60.25770000
49.91180000 49.93530000
21.92310000 21.96320000
67.44480000 67.46870000
77.62870000 77.65240000
94.26280000 94.28690000
91.67740000 91.70090000
24.36910000 24.39250000
3.00451000 3.02818000
28.38040000 28.40410000
83.11210000 83.13560000
56.33450000 56.35460000
94.37740000 94.47300000
31.17920000 31.21930000
7.45028000 7.47396000
69.22810000 69.27570000
43.24470000 43.29860000
74.73900000 74.76270000
55.83660000 55.86040000
17.41810000 17.43790000
62.92090000 63.00060000
51.93440000 51.95820000
16.89300000 16.91710000
47.03570000 47.05580000
84.93190000 84.95600000
92.68680000 92.72690000
77.72950000 77.75300000
94.79470000 94.81820000
8.94305000 8.96691000
17.84910000 17.87290000
0.02505640 0.04508680
88.60150000 88.64900000
90.42630000 90.47380000
96.09550000 96.11900000
20.44000000 20.46380000
64.00040000 64.02020000
46.32030000 46.34370000
62.07030000 62.14960000
10.69110000 10.71480000
31.51090000 31.53440000
54.69490000 54.71840000
15.37060000 15.39410000
28.69130000 28.71130000
74.90880000 75.00270000
14.21450000 14.25470000
13.33190000 13.35190000
96.46300000 96.48670000
76.16510000 76.18510000
49.94780000 49.97190000
1.32626000 1.37909000
46.32650000 46.35330000
46.48310000 46.50660000
85.05100000 85.06440000
25.97700000 26.05620000
94.04440000 94.06790000
93.95390000 93.97770000
12.94460000 12.96830000
38.49640000 38.52020000
96.26020000 96.29990000
19.40820000 19.42830000
53.83110000 53.85460000
13.89200000 13.97160000
6.43963000 6.46351000
81.69080000 81.71480000
33.13970000 33.16320000
10.13750000 10.16090000
51.83860000 51.86250000
64.29610000 64.31610000
13.68790000 13.71170000
26.61440000 26.69370000
22.79040000 22.81390000
76.40390000 76.42770000
3.00000000 3.02005000
32.25540000 32.27910000
54.20160000 54.22500000
33.59680000 33.62070000
16.00000000 16.02010000
50.69380000 50.71380000
