65.471 65.6612
10.9173 10.941
85.1948 85.2186
52.7523 52.776
77.5647 77.6048
15.0792 15.1265
9.17186 9.19167
74.7488 74.7752
5.48999 5.51367
1.44427 1.49775
70.6648 70.6888
4.96267 4.98615
89.2588 89.2825
4.07752 4.10152
7.57396 7.59773
0.198677 0.218731
37.2156 37.2393
81.4698 81.5095
75.1217 75.1686
30.6851 30.7086
3.37739 3.3972
40.5229 40.6021
60.2337 60.2577
49.9118 49.9353
21.9231 21.9632
67.4448 67.4687
77.6287 77.6524
94.2628 94.2869
91.6774 91.7009
24.3691 24.3925
3.00451 3.02818
28.3804 28.4041
83.1121 83.1356
56.3345 56.3546
94.3774 94.473
31.1792 31.2193
7.45028 7.47396
69.2281 69.2757
43.2447 43.2986
74.739 74.7627
55.8366 55.8604
17.4181 17.4379
62.9209 63.0006
51.9344 51.9582
16.893 16.9171
47.0357 47.0558
84.9319 84.956
92.6868 92.7269
77.7295 77.753
94.7947 94.8182
8.94305 8.96691
17.8491 17.8729
0.0250564 0.0450868
88.6015 88.649
90.4263 90.4738
96.0955 96.119
20.44 20.4638
64.0004 64.0202
46.3203 46.3437
62.0703 62.1496
10.6911 10.7148
31.5109 31.5344
54.6949 54.7184
15.3706 15.3941
28.6913 28.7113
74.9088 75.0027
14.2145 14.2547
13.3319 13.3519
96.463 96.4867
76.1651 76.1851
49.9478 49.9719
1.32626 1.37909
46.3265 46.3533
46.4831 46.5066
85.051 85.0644
25.977 26.0562
94.0444 94.0679
93.9539 93.9777
12.9446 12.9683
38.4964 38.5202
96.2602 96.2999
19.4082 19.4283
53.8311 53.8546
13.892 13.9716
6.43963 6.46351
81.6908 81.7148
33.1397 33.1632
10.1375 10.1609
51.8386 51.8625
64.2961 64.3161
13.6879 13.7117
26.6144 26.6937
22.7904 22.8139
76.4039 76.4277
3 3.02005
32.2554 32.2791
54.2016 54.225
33.5968 33.6207
16 16.0201
50.6938 50.7138
