Test #1
13 24 192 411 412 

Test #2
12 254 276 452 

Test #3
8 102 121 130 132 248 375 425 470 

Test #4
19 98 

Test #5
226 243 265 426 453 

Test #6
186 211 251 

Test #7
138 267 

Test #8
106 

Test #9
45 66 91 158 190 244 360 415 423 

Test #10
464 

Test #11
14 64 414 

Test #12
9 83 93 268 347 359 

Test #13
22 90 126 378 475 476 

Test #14
14 64 414 

Test #15
26 110 388 394 

Test #16
97 221 230 253 303 463 

Test #17
62 323 454 490 498 

Test #18
117 173 361 382 

Test #19
324 431 

Test #20
138 267 

Test #21
26 110 388 394 

Test #22
97 221 230 253 303 463 

Test #23
119 171 180 191 390 465 469 493 

Test #24
32 40 103 135 176 326 339 486 

Test #25
129 140 166 217 219 223 301 427 480 500 

Test #26
150 277 

Test #27
38 350 366 400 447 

Test #28
124 369 429 443 

Test #29
120 128 139 163 208 287 307 353 

Test #30
185 299 421 494 

Test #31
2 60 159 264 338 379 402 

Test #32
62 323 454 490 498 

Test #33
133 146 160 320 393 446 483 

Test #34
78 136 409 448 489 

Test #35
464 

Test #36
21 36 92 245 345 

Test #37
13 24 192 411 412 

Test #38
258 487 

Test #39
198 336 376 392 

Test #40
162 212 246 318 322 333 349 485 

Test #41
327 

Test #42
68 70 100 183 236 252 

Test #43
226 243 265 426 453 

Test #44
61 72 354 

Test #45
4 28 50 58 149 193 204 209 308 403 422 

Test #46
12 254 276 452 

Test #47
108 201 241 341 

Test #48
45 66 91 158 190 244 360 415 423 

Test #49
145 156 387 413 

Test #50
198 336 376 392 

Test #51
97 221 230 253 303 463 

Test #52
68 70 100 183 236 252 

Test #53
464 

Test #54
113 467 

Test #55
47 71 81 386 

Test #56
46 222 408 

Test #57
52 495 

Test #58
300 372 455 

Test #59
116 175 224 385 430 

Test #60
133 146 160 320 393 446 483 

Test #61
182 257 356 437 

Test #62
189 275 

Test #63
185 299 421 494 

Test #64
269 321 340 

Test #65
39 65 164 373 441 479 

Test #66
30 80 247 292 344 374 459 488 

Test #67
113 467 

Test #68
82 96 179 232 417 

Test #69
186 211 251 

Test #70
269 321 340 

Test #71
45 66 91 158 190 244 360 415 423 

Test #72
73 165 233 274 298 313 315 

Test #73
97 221 230 253 303 463 

Test #74
61 72 354 

Test #75
48 51 63 391 410 435 

Test #76
133 146 160 320 393 446 483 

Test #77
300 372 455 

Test #78
198 336 376 392 

Test #79
21 36 92 245 345 

Test #80
178 270 311 365 436 

Test #81
269 321 340 

Test #82
31 59 79 174 284 424 484 

Test #83
69 216 256 288 290 335 358 445 

Test #84
9 83 93 268 347 359 

Test #85
78 136 409 448 489 

Test #86
129 140 166 217 219 223 301 427 480 500 

Test #87
127 352 357 468 499 

Test #88
2 60 159 264 338 379 402 

Test #89
138 267 

Test #90
26 110 388 394 

Test #91
104 137 229 332 

Test #92
27 41 196 329 

Test #93
106 

Test #94
86 237 404 407 434 456 

Test #95
9 83 93 268 347 359 

Test #96
8 102 121 130 132 248 375 425 470 

Test #97
27 41 196 329 

Test #98
119 171 180 191 390 465 469 493 

Test #99
205 296 420 473 491 

Test #100
120 128 139 163 208 287 307 353 

Test #101
1 84 109 134 231 240 255 472 

Test #102
97 221 230 253 303 463 

Test #103
39 65 164 373 441 479 

Test #104
6 74 157 172 197 210 

Test #105
52 495 

Test #106
10 87 285 

Test #107
2 60 159 264 338 379 402 

Test #108
120 128 139 163 208 287 307 353 

Test #109
34 368 

Test #110
53 76 325 

Test #111
125 272 289 305 438 

Test #112
2 60 159 264 338 379 402 

Test #113
238 428 481 

Test #114
108 201 241 341 

Test #115
117 173 361 382 

Test #116
16 25 42 214 235 291 312 331 348 384 

Test #117
162 212 246 318 322 333 349 485 

Test #118
324 431 

Test #119
104 137 229 332 

Test #120
52 495 

Test #121
178 270 311 365 436 

Test #122
16 25 42 214 235 291 312 331 348 384 

Test #123
53 76 325 

Test #124
19 98 

Test #125
48 51 63 391 410 435 

Test #126
150 277 

Test #127
7 77 177 334 401 458 497 

Test #128
124 369 429 443 

Test #129
68 70 100 183 236 252 

Test #130
78 136 409 448 489 

Test #131
114 203 271 306 346 399 444 

Test #132
113 467 

Test #133
145 156 387 413 

Test #134
144 283 439 

Test #135
324 431 

Test #136
150 277 

Test #137
184 

Test #138
26 110 388 394 

Test #139
18 37 67 95 

Test #140
226 243 265 426 453 

Test #141
3 131 161 319 380 

Test #142
116 175 224 385 430 

Test #143
153 281 293 

Test #144
30 80 247 292 344 374 459 488 

Test #145
129 140 166 217 219 223 301 427 480 500 

Test #146
52 495 

Test #147
125 272 289 305 438 

Test #148
38 350 366 400 447 

Test #149
145 156 387 413 

Test #150
46 222 408 

Test #151
122 141 151 273 389 451 

Test #152
119 171 180 191 390 465 469 493 

Test #153
5 

Test #154
119 171 180 191 390 465 469 493 

Test #155
12 254 276 452 

Test #156
48 51 63 391 410 435 

Test #157
68 70 100 183 236 252 

Test #158
62 323 454 490 498 

Test #159
199 213 239 396 

Test #160
86 237 404 407 434 456 

Test #161
184 

Test #162
238 428 481 

Test #163
238 428 481 

Test #164
14 64 414 

Test #165
153 281 293 

Test #166
186 211 251 

Test #167
258 487 

Test #168
68 70 100 183 236 252 

Test #169
181 260 471 492 

Test #170
178 270 311 365 436 

Test #171
57 262 282 460 

Test #172
47 71 81 386 

Test #173
138 267 

Test #174
162 212 246 318 322 333 349 485 

Test #175
62 323 454 490 498 

Test #176
99 107 143 200 383 395 398 405 474 

Test #177
269 321 340 

Test #178
52 495 

Test #179
133 146 160 320 393 446 483 

Test #180
113 467 

Test #181
119 171 180 191 390 465 469 493 

Test #182
13 24 192 411 412 

Test #183
178 270 311 365 436 

Test #184
78 136 409 448 489 

Test #185
21 36 92 245 345 

Test #186
124 369 429 443 

Test #187
104 137 229 332 

Test #188
120 128 139 163 208 287 307 353 

Test #189
27 41 196 329 

Test #190
31 59 79 174 284 424 484 

Test #191
116 175 224 385 430 

Test #192
62 323 454 490 498 

Test #193
18 37 67 95 

Test #194
57 262 282 460 

Test #195
18 37 67 95 

Test #196
2 60 159 264 338 379 402 

Test #197
198 336 376 392 

Test #198
178 270 311 365 436 

Test #199
205 296 420 473 491 

Test #200
97 221 230 253 303 463 

Test #201
39 65 164 373 441 479 

Test #202
86 237 404 407 434 456 

Test #203
45 66 91 158 190 244 360 415 423 

Test #204
44 194 316 330 478 

Test #205
99 107 143 200 383 395 398 405 474 

Test #206
35 89 118 155 167 207 225 259 351 457 

Test #207
117 173 361 382 

Test #208
153 281 293 

Test #209
464 

Test #210
48 51 63 391 410 435 

Test #211
198 336 376 392 

Test #212
5 

Test #213
1 84 109 134 231 240 255 472 

Test #214
300 372 455 

Test #215
300 372 455 

Test #216
19 98 

Test #217
129 140 166 217 219 223 301 427 480 500 

Test #218
116 175 224 385 430 

Test #219
145 156 387 413 

Test #220
73 165 233 274 298 313 315 

Test #221
226 243 265 426 453 

Test #222
11 105 188 279 302 355 416 440 

Test #223
22 90 126 378 475 476 

Test #224
5 

Test #225
88 168 187 304 342 363 

Test #226
44 194 316 330 478 

Test #227
115 123 147 317 343 371 432 

Test #228
120 128 139 163 208 287 307 353 

Test #229
97 221 230 253 303 463 

Test #230
324 431 

Test #231
150 277 

Test #232
82 96 179 232 417 

Test #233
125 272 289 305 438 

Test #234
23 228 234 310 433 442 

Test #235
97 221 230 253 303 463 

Test #236
49 152 170 449 450 

Test #237
127 352 357 468 499 

Test #238
2 60 159 264 338 379 402 

Test #239
49 152 170 449 450 

Test #240
30 80 247 292 344 374 459 488 

Test #241
27 41 196 329 

Test #242
5 

Test #243
30 80 247 292 344 374 459 488 

Test #244
106 

Test #245
300 372 455 

Test #246
185 299 421 494 

Test #247
46 222 408 

Test #248
138 267 

Test #249
120 128 139 163 208 287 307 353 

Test #250
30 80 247 292 344 374 459 488 

Test #251
31 59 79 174 284 424 484 

Test #252
12 254 276 452 

Test #253
43 406 

Test #254
6 74 157 172 197 210 

Test #255
12 254 276 452 

Test #256
133 146 160 320 393 446 483 

Test #257
5 

Test #258
464 

Test #259
226 243 265 426 453 

Test #260
17 154 195 215 297 

Test #261
19 98 

Test #262
1 84 109 134 231 240 255 472 

Test #263
269 321 340 

Test #264
119 171 180 191 390 465 469 493 

Test #265
10 87 285 

Test #266
300 372 455 

Test #267
27 41 196 329 

Test #268
181 260 471 492 

Test #269
150 277 

Test #270
97 221 230 253 303 463 

Test #271
153 281 293 

Test #272
2 60 159 264 338 379 402 

Test #273
13 24 192 411 412 

Test #274
104 137 229 332 

Test #275
120 128 139 163 208 287 307 353 

Test #276
21 36 92 245 345 

Test #277
52 495 

Test #278
39 65 164 373 441 479 

Test #279
327 

Test #280
133 146 160 320 393 446 483 

Test #281
199 213 239 396 

Test #282
116 175 224 385 430 

Test #283
61 72 354 

Test #284
54 56 227 261 314 377 397 419 462 

Test #285
55 75 309 

Test #286
78 136 409 448 489 

Test #287
99 107 143 200 383 395 398 405 474 

Test #288
115 123 147 317 343 371 432 

Test #289
5 

Test #290
45 66 91 158 190 244 360 415 423 

Test #291
15 112 220 280 328 

Test #292
82 96 179 232 417 

Test #293
16 25 42 214 235 291 312 331 348 384 

Test #294
238 428 481 

Test #295
48 51 63 391 410 435 

Test #296
178 270 311 365 436 

Test #297
184 

Test #298
124 369 429 443 

Test #299
108 201 241 341 

Test #300
133 146 160 320 393 446 483 

Test #301
269 321 340 

Test #302
49 152 170 449 450 

Test #303
189 275 

Test #304
17 154 195 215 297 

Test #305
22 90 126 378 475 476 

Test #306
106 

Test #307
27 41 196 329 

Test #308
300 372 455 

Test #309
8 102 121 130 132 248 375 425 470 

Test #310
133 146 160 320 393 446 483 

Test #311
94 148 218 250 337 362 370 

Test #312
69 216 256 288 290 335 358 445 

Test #313
9 83 93 268 347 359 

Test #314
47 71 81 386 

Test #315
54 56 227 261 314 377 397 419 462 

Test #316
86 237 404 407 434 456 

Test #317
7 77 177 334 401 458 497 

Test #318
46 222 408 

Test #319
8 102 121 130 132 248 375 425 470 

Test #320
138 267 

Test #321
2 60 159 264 338 379 402 

Test #322
125 272 289 305 438 

Test #323
14 64 414 

Test #324
104 137 229 332 

Test #325
86 237 404 407 434 456 

Test #326
27 41 196 329 

Test #327
47 71 81 386 

Test #328
258 487 

Test #329
162 212 246 318 322 333 349 485 

Test #330
57 262 282 460 

Test #331
78 136 409 448 489 

Test #332
10 87 285 

Test #333
106 

Test #334
57 262 282 460 

Test #335
182 257 356 437 

Test #336
182 257 356 437 

Test #337
8 102 121 130 132 248 375 425 470 

Test #338
127 352 357 468 499 

Test #339
258 487 

Test #340
2 60 159 264 338 379 402 

Test #341
9 83 93 268 347 359 

Test #342
6 74 157 172 197 210 

Test #343
18 37 67 95 

Test #344
145 156 387 413 

Test #345
16 25 42 214 235 291 312 331 348 384 

Test #346
125 272 289 305 438 

Test #347
3 131 161 319 380 

Test #348
6 74 157 172 197 210 

Test #349
189 275 

Test #350
21 36 92 245 345 

Test #351
86 237 404 407 434 456 

Test #352
69 216 256 288 290 335 358 445 

Test #353
69 216 256 288 290 335 358 445 

Test #354
127 352 357 468 499 

Test #355
30 80 247 292 344 374 459 488 

Test #356
94 148 218 250 337 362 370 

Test #357
205 296 420 473 491 

Test #358
238 428 481 

Test #359
198 336 376 392 

Test #360
117 173 361 382 

Test #361
125 272 289 305 438 

Test #362
82 96 179 232 417 

Test #363
269 321 340 

Test #364
114 203 271 306 346 399 444 

Test #365
104 137 229 332 

Test #366
199 213 239 396 

Test #367
138 267 

Test #368
117 173 361 382 

Test #369
5 

Test #370
5 

Test #371
116 175 224 385 430 

Test #372
27 41 196 329 

Test #373
57 262 282 460 

Test #374
35 89 118 155 167 207 225 259 351 457 

Test #375
17 154 195 215 297 

Test #376
26 110 388 394 

Test #377
27 41 196 329 

Test #378
88 168 187 304 342 363 

Test #379
78 136 409 448 489 

Test #380
144 283 439 

Test #381
55 75 309 

Test #382
115 123 147 317 343 371 432 

Test #383
12 254 276 452 

Test #384
55 75 309 

Test #385
35 89 118 155 167 207 225 259 351 457 

Test #386
4 28 50 58 149 193 204 209 308 403 422 

Test #387
162 212 246 318 322 333 349 485 

Test #388
133 146 160 320 393 446 483 

Test #389
189 275 

Test #390
122 141 151 273 389 451 

Test #391
12 254 276 452 

Test #392
19 98 

Test #393
327 

Test #394
129 140 166 217 219 223 301 427 480 500 

Test #395
30 80 247 292 344 374 459 488 

Test #396
120 128 139 163 208 287 307 353 

Test #397
125 272 289 305 438 

Test #398
13 24 192 411 412 

Test #399
38 350 366 400 447 

Test #400
21 36 92 245 345 

Test #401
17 154 195 215 297 

Test #402
178 270 311 365 436 

Test #403
97 221 230 253 303 463 

Test #404
19 98 

Test #405
106 

Test #406
21 36 92 245 345 

Test #407
198 336 376 392 

Test #408
19 98 

Test #409
55 75 309 

Test #410
178 270 311 365 436 

Test #411
182 257 356 437 

Test #412
46 222 408 

Test #413
52 495 

Test #414
52 495 

Test #415
145 156 387 413 

Test #416
26 110 388 394 

Test #417
22 90 126 378 475 476 

Test #418
48 51 63 391 410 435 

Test #419
226 243 265 426 453 

Test #420
258 487 

Test #421
115 123 147 317 343 371 432 

Test #422
3 131 161 319 380 

Test #423
52 495 

Test #424
6 74 157 172 197 210 

Test #425
5 

Test #426
178 270 311 365 436 

Test #427
17 154 195 215 297 

Test #428
145 156 387 413 

Test #429
69 216 256 288 290 335 358 445 

Test #430
199 213 239 396 

Test #431
69 216 256 288 290 335 358 445 

Test #432
61 72 354 

Test #433
16 25 42 214 235 291 312 331 348 384 

Test #434
97 221 230 253 303 463 

Test #435
269 321 340 

Test #436
61 72 354 

Test #437
26 110 388 394 

Test #438
6 74 157 172 197 210 

Test #439
5 

Test #440
199 213 239 396 

Test #441
189 275 

Test #442
199 213 239 396 

Test #443
97 221 230 253 303 463 

Test #444
27 41 196 329 

Test #445
30 80 247 292 344 374 459 488 

Test #446
31 59 79 174 284 424 484 

Test #447
108 201 241 341 

Test #448
34 368 

Test #449
82 96 179 232 417 

Test #450
22 90 126 378 475 476 

Test #451
178 270 311 365 436 

Test #452
52 495 

Test #453
27 41 196 329 

Test #454
68 70 100 183 236 252 

Test #455
142 169 249 263 381 461 

Test #456
178 270 311 365 436 

Test #457
186 211 251 

Test #458
13 24 192 411 412 

Test #459
78 136 409 448 489 

Test #460
43 406 

Test #461
258 487 

Test #462
78 136 409 448 489 

Test #463
53 76 325 

Test #464
35 89 118 155 167 207 225 259 351 457 

Test #465
49 152 170 449 450 

Test #466
68 70 100 183 236 252 

Test #467
21 36 92 245 345 

Test #468
53 76 325 

Test #469
27 41 196 329 

Test #470
113 467 

Test #471
12 254 276 452 

Test #472
12 254 276 452 

Test #473
4 28 50 58 149 193 204 209 308 403 422 

Test #474
35 89 118 155 167 207 225 259 351 457 

Test #475
19 98 

Test #476
68 70 100 183 236 252 

Test #477
99 107 143 200 383 395 398 405 474 

Test #478
300 372 455 

Test #479
104 137 229 332 

Test #480
19 98 

Test #481
129 140 166 217 219 223 301 427 480 500 

Test #482
11 105 188 279 302 355 416 440 

Test #483
97 221 230 253 303 463 

Test #484
54 56 227 261 314 377 397 419 462 

Test #485
23 228 234 310 433 442 

Test #486
184 

Test #487
10 87 285 

Test #488
35 89 118 155 167 207 225 259 351 457 

Test #489
117 173 361 382 

Test #490
73 165 233 274 298 313 315 

Test #491
78 136 409 448 489 

Test #492
39 65 164 373 441 479 

Test #493
47 71 81 386 

Test #494
117 173 361 382 

Test #495
22 90 126 378 475 476 

Test #496
162 212 246 318 322 333 349 485 

Test #497
34 368 

Test #498
30 80 247 292 344 374 459 488 

Test #499
9 83 93 268 347 359 

Test #500
327 

