19.7875 19.8112
82.565 82.5887
54.2257 54.2458
43.9032 43.9507
98.4758 98.4993
30.2359 30.2596
90.2923 90.3324
42.6593 42.6994
24.0122 24.036
86.195 86.2148
91.5621 91.5859
34.943 34.9831
85.9742 85.9981
73.7299 73.7536
82.7895 82.8096
54.9551 55.1465
22.1868 22.2671
18.2616 18.2853
19.3801 19.4038
47.6091 47.6332
50.2384 50.2854
92.6058 92.6297
52.0992 52.1226
25.862 25.8821
42.6605 42.684
33.8781 33.9016
75.835 75.8548
35.0277 35.0511
96.3041 96.3282
29.0495 29.0901
16.6175 16.641
14.5032 14.5428
26.6378 26.717
12.426 12.4498
66.9251 66.9652
16.5072 16.5312
73.2302 73.2704
21.5227 21.5464
70.8889 70.9089
0.42549 0.465108
77.2508 77.2904
74.3769 74.3967
56.6282 56.6483
8.56601 8.5901
12.6714 12.6953
7.97519 7.995
74.4778 74.4979
81.893 81.9167
91.9186 91.9386
93.0548 93.1026
0.653558 0.659427
83 83.0201
52.5893 52.6093
10.7599 10.8005
59.4598 59.4999
85.7819 85.8621
85.2462 85.2864
95.431 95.4547
71.7348 71.7589
48.9456 49.1265
37.546 37.5699
88.2075 88.2276
50.3394 50.3633
35.7773 35.7892
45.6169 45.6576
22.8327 22.9129
69.6091 69.6884
53.6377 53.718
42.2137 42.2335
18.4265 18.4667
55.6496 55.6734
30.9349 30.9583
77.0368 77.0572
20.5954 20.6746
38.1875 38.2276
89.5087 89.5325
52.8898 52.9426
8.4185 8.45861
80.1128 80.1368
7.47178 7.49525
90.3574 90.3975
13.5409 13.561
31.8255 31.8494
1.36443 1.38831
27.5 27.5792
49.1019 49.1254
21.3829 21.4631
21.3306 21.3782
0.0351457 0.0552006
42.4506 42.5307
5.22977 5.28282
51.9648 52.022
10.61 10.6337
29.4265 29.606
65.5471 65.6262
30.5101 30.5893
78.2441 78.2676
29.0095 29.0333
94.5006 94.5481
34.668 34.6881