17.6666 17.6864
59.156 59.161
20.2744 20.2942
55.5884 55.5975
96.3921 96.4086
92.0266 92.036
3.00662 3.02634
73.7558 73.7645
31.1095 31.1182
6.35776 6.37543
63.2606 63.2705
30.3695 30.3873
85.5454 85.5635
37.6494 37.7236
17.6302 17.6478
45.5896 45.6086
79.1118 79.1284
9.30014 9.31536
32.3244 32.3428
65.0703 65.0878
90.0868 90.0917
17.1206 17.1354
1.90389 1.92259
0.0210426 0.0362614
29.8608 29.897
23.2902 23.2947
13.2033 13.213
88.3514 88.3557
75.5582 75.5679
19.6095 19.619
70.0112 70.0275
64.4655 64.4749
53.2739 53.2788
11.9132 11.9329
65.9868 66.1453
85.6056 85.6155
73.6691 73.6848
92.3025 92.3182
18.722 18.7332
96.9779 96.9829
8.53716 8.54211
9.61829 9.63395
14.0899 14.0948
38.3969 38.4127
52.9756 52.9854
34.0103 34.0146
66.003 66.0218
51.2274 51.2371
16.7001 16.7392
64.6513 64.661
34.5913 34.6069
0.601404 0.606044
96.9388 96.9433
55.7383 55.7581
69.6387 69.6437
55.3554 55.36
32.8041 32.8086
49.9152 49.9327
6.70712 6.7294
6.84029 6.85025
90.4058 90.4149
22.3387 22.3552
73.6141 73.6316
45.8035 45.8078
87.2959 87.3005
14.1679 14.1866
74.4306 74.4354
14.0604 14.0787
88.7596 88.7641
14.9503 14.9706
88.0965 88.1011
59.9823 59.987
45.0422 45.0582
2.75596 2.91226
3.84466 3.89959
21.3734 21.4105
85.3095 85.329
80.3714 80.3892
54.1773 54.1917
0.00471611 0.0193128
51.0353 51.0399
93.0431 93.0544
20.0529 20.0578
35.7468 35.9032
88.3035 88.3202
85.7593 85.764
10.047 10.2027
96.3067 96.3234
14.0763 14.0853
25.5141 25.5863
42.2656 42.2801
5.07945 5.09881
47.9807 47.9896
35.7759 35.7808
42.3508 42.3652
2.01498 2.02428
45.5521 45.5611
7.26266 7.26736
39 39.0175
6.22065 6.23863
64.2558 64.2629
62.3081 62.3191
31.844 31.862
78.1778 78.2128
6.54163 6.54614
71.2389 71.2564
25.17 25.1805
62.609 62.6201
1.56205 1.58014
25.0208 25.0407
97.1744 97.1788
75.522 75.5597
13 13.0198
57.2935 57.2979
2.06191 2.08112
95.1384 95.143
2.64037 2.66017
2.53466 2.5527
41.9801 41.9845
6.87861 6.89664
87.5498 87.5586
50.5236 50.5282
59 59.0163
40.329 40.3478
47.2888 47.2935
55.7842 55.7941
7.1296 7.13889
81.61 81.6149
19.7554 19.7603
1.71249 1.72842
68.8063 68.8157
72.9607 72.9653
7.88652 7.89554
94.5503 94.5599
10.1807 10.1905
30.1071 30.1233
19.879 19.8879
1.30654 1.32375
15.4982 15.5134
1.43839 1.45695
1.76035 1.77906
82.4694 82.4784
3.76511 3.78211
30.4595 30.4688
35.3677 35.4364
14.7846 14.8043
52.7589 52.7688
18 18.0167
19.7246 19.7394
96.8763 96.8811
11.684 11.6939
40.7224 40.7415
50.4205 50.4401
69.3324 69.3522
87.413 87.4219
29.3176 29.3374
27.6556 27.6715
36.9092 36.9185
53.4128 53.4173
26.8884 26.9082
4.22497 4.23363
12.8848 12.8897
1.27215 1.2809
24.2629 24.3003
66.4128 66.4287
26.4994 26.5187
32.7211 32.7303
8.30458 8.32208
5.11028 5.12823
2.1763 2.1808
17.9251 17.9448
78.5865 78.5959
90.3826 90.3871
65.3789 65.3837
19.0663 19.0775
44.351 44.4192
40.217 40.2269
90.5586 90.563
36.1732 36.1831
63.7781 63.7969
70.3162 70.3212
8.53732 8.55432
64.4218 64.4264
67.9434 67.9534
15.9581 15.9681
70.0425 70.0584
11.2262 11.235
1.25901 1.27813
29.4505 29.4661
90.2398 90.2443
9.39042 9.39983
32.1689 32.1738
2.30875 2.31828
0.285739 0.290679
60.136 60.2862
60.5206 60.5251
30.1986 30.2031
61.4954 61.5042
21.9078 21.947
98.0635 98.0995
17.4335 17.4487
62.3935 62.3984
30.7357 30.7404
57.3773 57.3929
10.2782 10.3573
96.3795 96.4564
68.8371 68.846
20.5046 20.5145
43.3267 43.3411
63.0597 63.0782
44.5339 44.5496
43.1987 43.2037
55.7949 55.8048
84.5773 84.5948
48.1838 48.1994
19.0353 19.0399
42.359 42.3639
2.17067 2.19059
98.1378 98.1545
1.0616 1.09767
62.2465 62.2559
13.5361 13.5465
52.8449 52.8495
18.2325 18.243
77.017 77.0557
9.47841 9.49629
0.168378 0.177784
15.8782 15.8872
30.6082 30.6178
38.2228 38.2626
76.0622 76.0987
22.0871 22.0968
10.3614 10.3975
53.1983 53.2031
91.6848 91.6947
6.92436 6.93492
24.3709 24.3758
38.0429 38.0474
64.026 64.1008
50.5435 50.5479
74.5851 74.6049
92.6524 92.692
19.3429 19.3515
77.8933 77.9322
44.1237 44.1384
15.1216 15.1304
69.7556 69.7603
73.4588 73.4636
41.8332 41.8418
97.7305 97.7661
57.2537 57.2583
76.0171 76.0261
68.7313 68.7356
43.1542 43.1587
66.1361 66.1738
2.46127 2.48083
71.2016 71.2737
96.5799 96.5893
56.0137 56.0231
93.5604 93.565
1.31497 1.33478
31.4532 31.4625
23.1922 23.2106
9.11216 9.1221
75.5589 75.5635
0.47774 0.494935
78.4719 78.4871
0.841737 0.851342
3.62306 3.63291
40.8688 40.8786
73.2492 73.2536
13.5081 13.5279
62.1237 62.1281
25.9714 25.9764
74.1023 74.1072
0.00926028 0.0256666
35.351 35.3556
79.6008 79.6053
37.0605 37.0772
23.1458 23.1502
48.9843 48.9889
49.9461 49.9508
83 83.0181
87.4371 87.447
20.3229 20.3322
21.4166 21.4312
3.80643 3.8131
49.306 49.3225
96.9869 97.0044
18.4688 18.4785
11.5915 11.6005
68.0699 68.08
39.5468 39.5562
62.7639 62.7683
72.2188 72.2234
40.2958 40.3051
38.6424 38.6517
25.6492 25.654
1.53576 1.55291
51.4858 51.4908
29.5565 29.5662
73.8939 73.9095
12.5597 12.5645
9.03371 9.05175
84.8317 84.8362
60.3533 60.3578
26.8804 26.8848
19.8332 19.9084
43.2144 43.2237
99.6629 99.6675
1.22619 1.23528
74.6741 74.6841
12.9417 12.9582
55.4647 55.4691
33.8102 33.8853
15.2652 15.2875
23.3859 23.4027
15.3654 15.3829
13.188 13.1949
12.7106 12.7286
67.8714 67.8763
11.988 11.9972
25.8534 25.8579
63.1642 63.1739
5.81773 5.83577
13.9458 13.9558
40.5266 40.5359
0.152152 0.162107
6.80552 6.81666
94.9455 95.0238
7.95276 7.97193
49.3131 49.3311
48.7493 48.7689
77.0607 77.0649
38.2451 38.2539
42.0559 42.0726
51.6632 51.6678
75.282 75.2931
40.8374 40.8472
44.048 44.0665
58.1363 58.1515
96.9322 96.9422
2.60789 2.62532
10.5173 10.5223
14.505 14.5097
85.4871 85.5263
14.8814 14.9012
83.116 83.125
3.4448 3.46362
25.7066 25.7177
0.054247 0.0720805
43.8392 43.8441
68.2471 68.2519
46.0437 46.0809
57.8324 57.8415
61.3403 61.345
33.3765 33.3856
17.3618 17.3718
65.3698 65.3785
23.6451 23.65
36.0443 36.0531
37.3239 37.3634
96.6773 96.6886
16.4301 16.4346
93.2007 93.2094
35.3973 35.4694
56.026 56.0304
97.1144 97.1917
75.119 75.1364
81.9 81.9191
14.8515 14.8586
31.8611 31.8809
21.5081 21.518
79.667 79.7423
10.848 10.8668
77.14 77.1498
2.49872 2.51543
8.32681 8.34484
4.60759 4.62715
25.591 25.5999
1.00116 1.01107
72.9317 72.9414
68.5132 68.532
1.22014 1.23873
63.1181 63.2624
9.43116 9.44987
10.4226 10.4424
69.7315 69.7511
44.1543 44.3108
7.82106 7.83628
47.4779 47.4824
8.48437 8.50241
65.7267 65.7465
48.6196 48.6288
1.29028 1.29507
52.5154 52.5334
38.6499 38.6589
1.85615 1.865
47.2522 47.2572
12.1569 12.2352
1.5408 1.55884
8.35236 8.37171
70.2593 70.2637
96.5494 96.5661
20.5542 20.5588
62.0089 62.0236
44.2462 44.2636
56.7509 56.7685
54.8834 54.8879
83.569 83.5779
13.4524 13.4691
83.7213 83.726
69.5377 69.5476
41.9033 41.9192
1.87086 1.88608
9.83398 9.84272
12.0273 12.0367
4.59187 4.59674
6.69831 6.70318
99.7584 99.7633
23.5307 23.5474
82.0041 82.0215
21.7532 21.768
79.6787 79.6876
0.399954 0.410938
35.4861 35.491
93.5244 93.5409
4.67236 4.68103
17.5207 17.5255
0.308611 0.313315
78.2519 78.2619
14.5537 14.569
40.2552 40.3953
46.6234 46.6407
9.09132 9.10002
41.4818 41.4911
45.7428 45.7627
21.5585 21.5981
5.54505 5.56301
33.355 33.3714
96.2931 96.3129
19.3318 19.3667
81.9752 82.0494
16.8601 16.8712
37.8385 37.855
59.1511 59.1555
0.568302 0.573254
36.083 36.0899
75.4317 75.4515
7.43794 7.44258
88.8417 88.8488
62.7891 62.7934
29.8727 29.8923
92.9966 93.0011
80.8691 80.879
47.7258 47.7305
47.0217 47.0264
64.0772 64.0952
70.1181 70.1379
10.3009 10.3103
92 92.1412
64.7427 64.7518
15.0179 15.0227
19.3982 19.4084
2.13 2.13889
1.19417 1.20298
4.07815 4.08304
1.17836 1.18738
2.11321 2.12316
0.214154 0.230047
45.0423 45.0515
80.4347 80.4393
45.4959 45.5071
2.06131 2.07935
63.2471 63.2651
18.2281 18.244
74.6301 74.6391
97.0369 97.1161
14.9327 14.9718
96.4486 96.4574
47.8149 47.8246
1.4559 1.47571
91.0388 91.0431
7.84345 7.86016
2.27709 2.28676
48.2399 48.2499
76.8238 76.8287
75.0175 75.0267
31.9975 32.0021
29.4189 29.4976
7.9042 7.92415
61.4488 61.4587
47.0289 47.0448
92.8816 92.9012
1.061 1.07094
98.8107 98.8193
39.2174 39.2222
21.5147 21.5197
0.25783 0.267742
12.038 12.0569
73.3826 73.3978
88.066 88.084
28.8971 28.9018
2.97954 2.99696
3.2515 3.25603
22.7041 22.7138
42.161 42.1659
90.7322 90.7414
16.4585 16.4682
2.63001 2.64523
69.9632 69.983
6.26459 6.2695
79.6752 79.7148
22.9058 22.9145
68.1078 68.1176
53.5488 53.5534
70.0318 70.0411
14.3512 14.3679
65.9444 65.949
3.76534 3.78338
14.939 14.9489
81.0602 81.0652
58.6094 58.6259
0.967769 0.986585
11.3467 11.3513
58.4895 58.5091
2.5916 2.60082
5.42098 5.44079
40.6892 40.6938
14.7683 14.778
60.4875 60.4969
4.66412 4.6727
1.25132 1.26136
59.0557 59.0651
1.75935 1.7773
70.256 70.2715
42.9148 42.9248
93.1274 93.1634
57.4452 57.4563
43.2502 43.2668
84.9709 84.9758
70.2235 70.2345
60.0655 60.0822
66.5835 66.601
4.40458 4.41933
12.1363 12.1547
23.5799 23.5848
25.1072 25.1117
32.93 32.9343
16.6638 16.6812
13.4508 13.4601
56.9841 56.9888
18.4137 18.4231
97.7078 97.8583
76.0787 76.0875
19.3958 19.4008
31.1199 31.1564
14.8241 14.8331
9.72522 9.73442
53.776 53.7907
83.1271 83.1365
62.3693 62.3736
94.5532 94.558
4.86871 4.88748
20.015 20.0338
40.3541 40.3909
81.126 81.1304
29.6114 29.6309
13.1306 13.1393
11.1408 11.1589
5.75647 5.761
66.0696 66.0767
52.382 52.3999
76.5934 76.631
29.3193 29.3388
12.9375 12.9771
59.6871 59.7057
87 87.0167
1.21064 1.36594
48.7048 48.7146
1.63606 1.65477
12.7541 12.7913
49.982 49.9865
96.2764 96.2863
80.3845 80.3938
44.5092 44.5141
19.9278 19.9367
1.67354 1.68252
47.5559 47.5717
57.792 57.8023
8.49329 8.51286
26.858 26.8665
93.5152 93.5312
80.4533 80.4716
1.57458 1.59301
12.0055 12.0104
9.17539 9.18004
54.9193 54.9352
52.8512 52.8561
74.7057 74.7792
36.5948 36.6044
78.9298 78.9387
71.6513 71.6699
12.4631 12.4721
63.8537 63.8584
16.9778 16.9871
24.3872 24.4067
77.3857 77.3906
14.7802 14.7974
86.1992 86.2154
0.28997 0.294761
91.3193 91.338
16.1427 16.1583
6.65226 6.66897
36.0713 36.0756
10.4458 10.4552
42.7673 42.7718
87.844 87.8543
11.9943 12.0042
18.7171 18.7218
23.9844 24.024
4.50794 4.51784
16.2176 16.2269
13.0592 13.0704
5.34637 5.35125
97.995 98.0149
0.142424 0.159175
0.0228809 0.0402414
52.6918 52.7285
33.3838 33.3887
32.5499 32.5543
14.3357 14.3403
46.8952 46.8999
17.209 17.2289
46.4429 46.4474
59.2331 59.2378
16.4589 16.4739
23.3358 23.3457
85.2034 85.2144
66.4694 66.4839
19.8975 19.9162
36.774 36.7844
98.1328 98.137
39.6169 39.6219
29.5393 29.555
61.5129 61.5235
57.096 57.1057
0.183052 0.199764
2.66265 2.68221
53.5482 53.5531
0.528118 0.547655
26.4852 26.4897
0.769287 0.77818
4.2325 4.2435
47.391 47.3955
1.19574 1.20515
30.1552 30.1596
27.0844 27.0888
0.366246 0.373078
16.8489 16.8581
89.0127 89.0482
34.304 34.314
9.20073 9.21941
56.0528 56.0575
49.5236 49.5282
2.41964 2.42885
4.40706 4.42681
51.456 51.4727
75.2607 75.276
23.8735 23.8836
7.25477 7.26456
1.89315 1.90903
0.89721 0.901791
72.6011 72.6102
4.71861 4.73566
1.45464 1.47334
46.932 46.9365
86.388 86.4219
53.516 53.5248
68.3825 68.3874
78.7178 78.7265
68.8976 68.9174
29.5132 29.5217
88.8521 88.8702
11.3991 11.4079
1.44674 1.4624
0.0560545 0.0729628
28.0642 28.073
56.314 56.3237
0.246001 0.261877
78.3632 78.3682
72.9326 72.9376
18.536 18.5462
14.3128 14.3285
33.4658 33.4744
22.0271 22.0457
72.7961 72.8142
64.7503 64.755
1.71081 1.71931
48.7645 48.7735
11.6762 11.6855
42.7371 42.7416
31.3813 31.4012
60.8772 60.8861
5.9553 5.99315
84.1349 84.1392
27.0179 27.0354
54.3305 54.3349
72.6148 72.6198
81.0188 81.0386
37.7469 37.7535
64.5202 64.54
90.2821 90.3003
7.50263 7.51829
83.7178 83.7353
4.30637 4.32158
80.1066 80.1113
79.4911 79.5694
83.2826 83.2926
74.2716 74.2917
3.53688 3.55484
1.38962 1.39929
80.2433 80.2533
9.37917 9.39905
23.7509 23.7695
70.045 70.0499
50.7259 50.7359
62.0854 62.0897
98.4154 98.4345
1.48567 1.49494
33.8758 33.8807
15.5354 15.5399
90.7157 90.7352
48.1427 48.1607
18.7224 18.7325
14.2084 14.2272
39.7926 39.8114
55.8486 55.8533
52.1127 52.1173
5.8136 5.83341
13.9495 13.969
50.5091 50.5482
86.044 86.0815
38.5483 38.553
19.1829 19.1921
13.8394 13.8498
19.1624 19.1736
7.40283 7.42115
88.7259 88.7455
10.2992 10.3086
70.9007 70.9112
55.5715 55.5761
79.644 79.6832
27.7609 27.7656
91.241 91.2504
78.1952 78.1999
53.143 53.178
38.0509 38.0598
4.13348 4.15304
65.4767 65.4855
44.9409 44.9557
43.4857 43.4904
9.15217 9.16107
4.59067 4.59998
16.0091 16.018
0.0443802 0.0591447
69.2123 69.2906
21.4669 21.4765
5.31587 5.32034
76.4812 76.6255
71.5099 71.5285
54.1579 54.1762
93.3704 93.3793
48.0792 48.1142
97.2161 97.2352
95.2625 95.2723
76.7884 76.8083
52.7535 52.758
74.6389 74.6432
83.4461 83.451
18.7876 18.797
15.7412 15.777
10.6303 10.6396
96.2914 96.2963
13.9817 14.0208
69.3416 69.346
2.2766 2.2858
82.0528 82.0623
60.2969 60.3143
9.25584 9.26051
5.42319 5.44315
6.41583 6.4317
10.2941 10.3037
55.6869 55.6962
1.20815 1.22538
63.8 63.8047
5.0063 5.01756
27.1334 27.2054
37.2527 37.2892
3.39528 3.4152
15.1628 15.1739
94.8362 94.846
61.2979 61.3358
36.1452 36.1498
78.8705 78.8752
42.0098 42.0145
83.0375 83.1126
4.87426 4.8923
77.0024 77.0074
91.4903 91.5051
0.625517 0.641609
18.7363 18.7459
3.28322 3.29238
66.7334 66.7379
18.4169 18.426
60.6466 60.6563
2.46101 2.49926
5.59606 5.61194
19.9986 20.0076
47.6164 47.6261
15.1933 15.2085
5.45638 5.46513
93.5569 93.5767
28.5772 28.5869
55.7238 55.7285
0.309574 0.329137
73.571 73.5757
64.4543 64.4641
12.4953 12.5133
42.2862 42.2949
93.2867 93.3063
45.2118 45.2165
67.4809 67.4855
13.4471 13.457
74.7896 74.7939
7.54166 7.55979
24.7883 24.7994
64.1193 64.1279
0.391421 0.411228
2.35203 2.37145
17.4984 17.5077
0.29728 0.313156
74.8804 74.8905
17.7142 17.7317
83.0175 83.0338
26.7243 26.7402
75.2373 75.2527
16.7242 16.7422
69.8984 69.9033
48.8048 48.8439
89.4988 89.5035
8.02493 8.04387
1.92334 1.92973
92.1757 92.1845
80.8771 80.8861
6.26686 6.27658
30.6891 30.6979
21.6125 21.6814
93.0111 93.0263
15.0311 15.0403
48.975 48.9793
32.8338 32.8382
44.6386 44.6478
14.3196 14.3295
0.688172 0.6956
11.9127 11.9255
42.8287 42.9043
73.3468 73.3566
56.4818 56.4864
54.6199 54.6246
18.6745 18.6793
25.4193 25.4241
1.1853 1.19443
8.18112 8.22025
3.46326 3.47328
26.1563 26.1954
60.7138 60.7187
25.988 26.0254
95.77 95.7798
55.1381 55.1471
58.4041 58.409
61.5825 61.5913
8.56428 8.58423
66.1353 66.1447
81.8501 81.8659
32.7385 32.7484
1.62894 1.64724
81.8589 81.8687
19.1045 19.1236
96.7723 96.8457
1.41392 1.42958
86.4512 86.4872
20.4279 20.4426
24.8176 24.8328
75.4241 75.434
93.5695 93.5854
5.04167 5.05167
13.5385 13.5473
13.4625 13.482
64.3114 64.3297
0.85094 0.869887
73.5246 73.5292
3.80565 3.81843
16.8606 17.0206
10.0271 10.0453
77.6621 77.667
21.8662 21.8762
23.9494 23.959
40.4953 40.5139
43.7264 43.7313
44.3936 44.4672
88.348 88.3578
73.0064 73.0157
28.9065 28.9173
0.298641 0.317456
97.1581 97.1629
13.6066 13.6159
59.9041 59.9763
0.276935 0.292154
6.10167 6.11053
53.8165 53.8212
30.0113 30.021
11.5801 11.5846
10.0189 10.0294
96.2778 96.2878
90.8367 90.8461
12.2115 12.2203
91.7383 91.8783
4.18085 4.1852
88.1825 88.187
41.4987 41.5036
80.3319 80.3418
65.9886 65.9936
2.4813 2.49892
42.8595 42.8643
14.5903 14.6078
22.0938 22.1028
16.1023 16.1171
75.7973 75.8063
46.5739 46.5846
60.5488 60.5574
70.5731 70.5773
18.1848 18.1892
96.1775 96.3218
2.29746 2.31289
1.06175 1.07154
84.3957 84.4001
5.36253 5.37219
92.8066 92.8165
94.0015 94.0373
42.9211 42.9572
68.2607 68.2695
63.242 63.2512
3.53008 3.54988
66.712 66.7218
92.632 92.6369
19.7943 19.8028
27.4499 27.4548
60.1684 60.3071
25.4383 25.5756
55.4671 55.4716
92.7736 92.7824
4.34274 4.3474
12.7726 12.7894
80.5937 80.6125
64.4957 64.5063
8.33842 8.34824
79.9751 79.9904
19.1204 19.1299
1.95305 2.11151
58.9309 58.9407
27.0198 27.0378
48.9964 49.0338
15.5827 15.6026
60.4836 60.4881
36.2492 36.2659
72.2606 72.2787
63.1773 63.1951
48.4159 48.4205
8.93624 8.97586
50.9206 50.9404
43.552 43.5619
47.8911 47.9076
46.5681 46.573
40.1065 40.1113
94.9558 94.9651
86.8179 86.8226
41.1787 41.1888
10.089 10.1001
14.8365 14.8564
87.6013 87.6113
4.66191 4.68047
79.4636 79.483
52.4951 52.5001
15.6053 15.6146
67.1183 67.1228
98.377 98.3918
27.6597 27.6793
66.9904 67.1304
47.3883 47.3927
31.4027 31.4117
5.63781 5.65762
79.3433 79.3613
59.6021 59.6068
11.2442 11.2529
6.28845 6.2986
2.55557 2.57537
38.592 38.6027
36.4603 36.4649
43.4334 43.4382
37.2502 37.2677
2.64805 2.65783
3.108 3.1278
49.8098 49.8257
80.8215 80.8258
1.44636 1.45622
97.5503 97.5885
85.431 85.4495
26.7698 26.7748
23.4596 23.4639
43.5159 43.5259
49.5696 49.5743
7.73554 7.75293
93.0101 93.0147
86.4498 86.4595
77.1302 77.1657
9.10195 9.1119
17.0369 17.047
56.373 56.3776
56.4197 56.4239
67.3693 67.3803
81.7812 81.7861
45.6547 45.6638
31.8666 31.8712
24.7571 24.7669
4.54638 4.55539
86.3053 86.3214
67.6235 67.6334
36.0415 36.0462
51.9836 52.0034
12.3602 12.378
20.2474 20.2523
35.4659 35.4709
35.4658 35.4817
54.4761 54.4949
47.7831 47.8017
3.66513 3.66951
2.22582 2.24148
7.9742 7.994
0.41626 0.424783
82.6798 82.6892
60.9483 60.9651
1.49495 1.49944
77.4391 77.449
13.8127 13.8175
13.3594 13.3785
20.0509 20.0607
14.7473 14.7517
97.636 97.6447
7.86407 7.88211
0.720539 0.730405
54.6434 54.6533
30.5589 30.5776
30.2985 30.303
95.1934 95.2129
50.7804 50.7904
22.5778 22.6169
57.3372 57.3751
17.3969 17.4064
2.92086 2.93883
6.32293 6.34273
11.7054 11.7147
41.2853 41.3034
0.213528 0.218023
55.6146 55.6321
53.7621 53.7982
4.46537 4.48287
45.3758 45.3801
25.6163 25.6341
17.0329 17.0491
1.05313 1.06978
18.6685 18.6883
1.99841 2.15491
80.1843 80.1889
32.7314 32.7472
31.7707 31.7866
45.3573 45.3622
12.4669 12.4864
10.7885 10.7985
84.8685 84.8777
3.4242 3.43986
6.50652 6.51569
12.9591 12.9787
95.6698 95.6785
61.2125 61.2293
28.2546 28.2589
38.105 38.116
70.2865 70.2955
30.9851 30.9998
61.0914 61.0964
11.4812 11.4977
34.1069 34.1222
37.8403 37.8582
25.738 25.7477
43.8943 43.9643
5.3796 5.39917
24.2847 24.2933
7.13031 7.14021
28.1933 28.198
20.293 20.2974
51.8826 51.9579
2.28361 2.29104
8.62545 8.63452
18.8921 18.9008
67.4484 67.4825
41.6013 41.6063
57.9951 58.0043
99.2443 99.2492
93.3462 93.3507
2.00139 2.00566
71.3285 71.3656
41.2917 41.3074
9.72871 9.74854
7.66597 7.67473
65.9431 65.9476
13.0816 13.0973
58.2965 58.3124
92.6369 92.6457
1.10004 1.11118
38.2118 38.2305
11.524 11.535
7.0177 7.03595
76.7919 76.8005
89.7367 89.7454
87.749 87.7536
2.70154 2.71943
12.343 12.3593
69.1045 69.1095
4.49025 4.51005
3 3.01651
1.48972 1.49967
1.42181 1.43097
86.0589 86.0636
20.0366 20.0411
66.7325 66.7426
42.8362 42.8407
56.6807 56.6904
6.5341 6.6127
5.81711 5.82632
58.7365 58.7539
4.29976 4.30409
41.1624 41.1772
21.9855 21.9948
39.4004 39.405
24.2371 24.247
16.5749 16.5835
45.2278 45.2327
26.0612 26.0702
49.6831 49.693
3.01432 3.02311
83.4266 83.4428
43.2114 43.2298
99.8949 99.9094
29.1498 29.1696
0.268913 0.283679
7.96618 7.98591
4.68302 4.70169
32.1316 32.2901
91.4302 91.4349
4.02257 4.04113
0.675594 0.693631
45.9224 45.9324
92.062 92.0667
3.72652 3.7364
5.45358 5.61009
0.137319 0.152538
78.6469 78.6669
10.6892 10.7587
21.8026 21.8387
66.2396 66.2441
9.89109 9.90155
44.5584 44.6314
5.66204 5.68185
0.566167 0.580704
93.024 93.0438
0.430096 0.434605
12.3507 12.5012
6.51454 6.53042
2.21639 2.23551
54.9767 54.9963
14.6263 14.635
0.989172 0.998161
68.9869 69.067
80.4473 80.4846
39.9828 39.9916
11.5665 11.6041
14.383 14.3975
1.04194 1.06053
1.48022 1.4901
6.62986 6.64583
5.21498 5.2302
56.5229 56.5425
7.51934 7.55586
23.1742 23.1827
74.8893 74.894
94.8897 94.928
33.1445 33.1533
12.4477 12.4519
38.125 38.1298
7.14542 7.16323
35.0383 35.0536
1.17 1.18
13.4312 13.4356
0.101179 0.116353
6.36747 6.38975
88.4407 88.4497
3.49626 3.51546
42.6247 42.6402
63.8609 63.8789
44.7128 44.7324
4.3663 4.38486
92.3352 92.3519
47.3342 47.3742
11.2234 11.2332
86.1071 86.1163
11.7178 11.7348
9.75843 9.76827
96.0183 96.0276
8.71701 8.72631
49.2625 49.2674
23.3924 23.3973
15.6236 15.6367
14.3313 14.3423
60.4013 60.4409
13.2322 13.2415
79.0277 79.032
1.42699 1.43707
92.1078 92.1126
49.8749 49.8944
81.1347 81.1492
5.02698 5.03181
15.3288 15.3433
81.2572 81.2619
66.8747 66.8839
85.8471 85.8571
85.5898 85.6042
89.3118 89.3167
0.569258 0.584788
5.82988 5.84944
59.3112 59.3161
12.6792 12.6886
98.3406 98.3504
0.989143 1.02673
3.3003 3.31813
46.4638 46.4803
23.6938 23.733
17.3294 17.3493
18.1419 18.1466
10.3426 10.3608
47.9782 47.9886
27.2934 27.3102
82.407 82.4169
16.3635 16.3858
51.1804 51.1878
79.1853 79.2051
69.5238 69.5405
75.3178 75.3549
83.8142 83.8485
72.0164 72.0264
88.8449 88.8594
29.9564 29.9613
68.6992 68.7081
71.2066 71.2165
55.2343 55.2541
28.3743 28.5115
66.7591 66.7684
35.0772 35.097
58.2242 58.2287
80.9076 80.9241
45.6384 45.6579
41.8109 41.8882
15.0093 15.0192
65.3529 65.3615
39.7884 39.7927
0.931689 0.942831
81.5797 81.5896
13.8385 13.8472
0.346714 0.363222
64.8044 64.8132
52.5297 52.5344
78.2847 78.3012
40.8279 40.8379
90.9916 91.0009
13.3744 13.3838
5.67974 5.68467
92.057 92.062
6.78037 6.79034
68.9299 68.9344
18.332 18.3363
11.121 11.1298
5.03129 5.04004
96.6 96.6093
16.7183 16.7229
73.0436 73.0481
87.1545 87.1646
2.5189 2.52818
24.7514 24.7619
71.0607 71.0692
58.894 58.9033
21.8691 21.8738
47.7737 47.783
45.267 45.2842
13.5102 13.5299
91.5297 91.5344
29.0315 29.048
7.31419 7.32858
74.2747 74.2793
81.5735 81.5777
12.1454 12.155
59.9127 59.9318
73.0347 73.0542
0.777942 0.794474
0.568241 0.577918
2.84057 2.84932
92.4639 92.473
1.0975 1.23732
85.6709 85.6869
3.00833 3.01758
31.4325 31.4516
14.5175 14.5374
76.1347 76.1396
25.2922 25.3021
55.9225 55.9421
1.10459 1.11461
1.5339 1.53837
90.5824 90.5871
6.99407 7.01045
19.2239 19.2414
49.4974 49.6365
25.2143 25.2293
21.8139 21.8337
7.20019 7.21975
18.2672 18.2838
1.07275 1.08797
21.0974 21.1066
95.7582 95.7629
4.06331 4.10072
81.3704 81.3885
16.1272 16.1452
14.0638 14.0738
20.6097 20.6194
5.07096 5.08009
23.8552 23.8651
73.9269 73.9318
90.1199 90.1351
23.3654 23.3753
40.2685 40.2735
46.6141 46.6236
51.5867 51.5966
62.3638 62.3737
30.5636 30.5735
35.1393 35.1545
67.2191 67.2561
2.78201 2.79665
3.60567 3.62548
10.8898 10.9079
53.7623 53.7801
73.3147 73.3308
15.5921 15.6032
96.9332 96.9424
3.21747 3.22675
65.6659 65.6747
74.1588 74.1976
58.8115 58.8202
85.6139 85.6188
2.19675 2.20126
52.5796 52.5948
38.9911 39.0001
49.4192 49.4357
26.5716 26.5805
11.6246 11.6416
17.265 17.2739
29.1978 29.2135
0.980993 0.98541
22.804 22.8129
2.35529 2.373
97.3912 97.4288
1.28055 1.28986
4.96706 4.98449
9.10346 9.12301
31.2932 31.311
69.7083 69.7238
83.6738 83.6835
36.5301 36.535
37.9895 37.9941
81.1179 81.1225
12.1895 12.1994
3.04697 3.05675
1.62407 1.63465
43.9513 43.9612
92.994 92.9989
32.8005 32.8203
34.7789 34.7838
52.8344 52.854
9.79049 9.80537
71.9322 71.9369
10.3894 10.4
46.5525 46.5687
0.126274 0.140803
62.1683 62.1733
48.8223 48.8313
90.0061 90.0224
36.0537 36.0689
0.317991 0.326843
84.5595 84.5644
52.0009 52.0096
26.8576 26.8674
51.3685 51.3755
31.1739 31.1886
1.04503 1.06284
89 89.0168
60.2562 60.2652
9.17057 9.18824
1.18185 1.19967
31.5603 31.576
94.7319 94.7415
45.9254 45.9303
62.0507 62.0698
5.11795 5.13677
12.8287 12.8377
81.7554 81.7644
56.963 56.9674
38.3503 38.3702
67.8794 67.8839
0.398735 0.413344
30.2501 30.2901
71.7317 71.7658
7.57937 7.59741
32.3979 32.4132
68.4598 68.4786
5.11499 5.13199
27.3925 27.4019
24.18 24.1844
15.3305 15.3354
64.29 64.3075
10.1333 10.1422
12.8843 12.9043
15.8764 15.8939
4.11865 4.13537
67.6744 67.6831
58.3652 58.3697
19.6354 19.6453
0.479936 0.48464
23.0782 23.0832
16.3766 16.3964
71.4368 71.4418
83.5548 83.5596
45.5619 45.5769
29.146 29.1505
3.93752 3.94247
33.3175 33.334
56.0816 56.0864
2.24185 2.25172
13.8263 13.8309
54.6961 54.7011
45.973 45.9926
65.1126 65.1237
6.02823 6.04779
45.9758 46.015
1.58089 1.59079
96.1904 96.1994
36.7051 36.7239
33.2301 33.2692
58.4014 58.4112
29.4796 29.4881
83.8134 83.818
2.48863 2.50844
43.9954 44.0129
89.7785 89.7937
91.9243 91.9329
39.3673 39.3772
42.0674 42.072
21.4843 21.5008
44.55 44.6943
10.8738 10.8904
5.1052 5.10971
10.3684 10.3865
75.2127 75.2302
6.98411 7.00215
37.7329 37.7375
87.8368 87.8456
98.8205 98.825
5.77294 5.78178
43.3449 43.3519
92.8998 92.9042
28.6674 28.6723
7.69025 7.69982
24.4443 24.461
53.8811 53.8856
75.1464 75.1553
61.8054 61.8234
16.5185 16.5283
12.5398 12.5448
18.3256 18.3347
89.3484 89.3876
75.0391 75.0435
0.61154 0.616244
52.2518 52.2562
7.10212 7.1209
32.3204 32.3383
51.2901 51.295
38.7984 38.8075
80.7077 80.7243
37.6559 37.6659
56.0699 56.0789
1.1017 1.11736
13.0883 13.0976
91.6714 91.6899
4.20527 4.21533
28.3116 28.3212
78.4696 78.4892
73.0749 73.0848
11.9658 11.9746
24.0012 24.0122
38.0772 38.082
2.18893 2.19344
63.8892 63.8994
80.8304 80.8493
3.81578 3.83021
87.9745 88.1188
43.1364 43.1456
95.9903 95.9993
4.01469 4.02397
4.07997 4.09977
16.7632 16.7813
24.8001 24.8047
7.15652 7.23076
31.3301 31.3346
33.2908 33.2957
21.2229 21.3029
4.10146 4.10594
5.14917 5.15787
42.7999 42.8048
15.0552 15.0657
6.95237 6.97229
58.1322 58.1433
61.0407 61.0601
33.7817 33.786
10.9569 10.9658
59.9847 60.0197
96.5698 96.5747
18.9057 18.9154
12.0174 12.0266
84.9524 84.9613
7.2328 7.24214
79.8874 79.8968
16.2796 16.2886
5.22839 5.23705
64.3442 64.3608
11.4201 11.4247
81.2437 81.323
2.74182 2.75925
0.065274 0.0852951
99.6265 99.6996
74.4052 74.4252
27.0211 27.0258
17.0763 17.0857
90.7338 90.7388
92.5007 92.5057
99.2322 99.2421
78.0549 78.0714
82.2491 82.259
95.4298 95.4344
60.3944 60.399
29.6562 29.6609
73.7767 73.7814
85.5951 85.6689
2.35445 2.37241
37.0514 37.0561
64.788 64.8241
77.6253 77.6624
24.198 24.2022
50.315 50.3196
35.072 35.0765
16.5672 16.5859
17.4707 17.4795
59.3417 59.3528
69.3564 69.3675
86.5208 86.5394
95.9912 96.0011
20.4574 20.472
85.4002 85.4052
94.3904 94.3954
42.2011 42.2058
3.34583 3.35047
37.3035 37.32
85.8825 85.9543
19.4367 19.4461
81.1447 81.1599
42.0975 42.102
23.9812 23.9912
37.0768 37.0813
0.410077 0.420223
37.5291 37.5487
43.9651 43.9696
47.8274 47.8422
93.4029 93.4183
40.2673 40.2834
80.2746 80.2836
82.6488 82.6575
37.7326 37.7482
71.098 71.1067
61.3022 61.3122
48.8194 48.824
82.0362 82.052
88.3253 88.3433
64.2298 64.2694
63.5396 63.5494
58.2058 58.2147
49.1674 49.2373
87.8282 87.8328
38.2741 38.284
70.6644 70.6732
90.9104 90.915
66.9214 66.9261
70.5378 70.5468
85.9981 86.0035
41.7836 41.7928
2.48454 2.49444
3.74576 3.75443
18.8643 18.8741
99.0575 99.0623
10.8189 10.8233
31.2961 31.3005
69.9044 69.9224
85.9068 85.9167
0.160188 0.175407
0.390156 0.395131
80.5642 80.5786
84.2353 84.2499
89.4335 89.4384
30.0823 30.1012
11.5098 11.5198
90.1628 90.1795
35.1543 35.1636
2.933 2.95281
8.41873 8.43677
69.2602 69.2696
21.7257 21.7356
53.8892 53.9036
72.9232 72.9319
28.9436 28.9485
67.5588 67.5786
44.6904 44.7295
93.0419 93.0513
7.92393 7.94275
3.93176 3.9517
39.8629 39.8679
0.909223 0.925935
74.0063 74.0113
41.8461 41.856
37.5583 37.575
7.22181 7.23747
27.6431 27.6474
1.78089 1.7996
7.42879 7.44871
35.5655 35.5749
15.1569 15.1727
28.6183 28.6348
88.7747 88.7796
2.88813 2.89791
23.2102 23.2261
19.178 19.1879
44.263 44.2727
13.3602 13.38
25.0691 25.0741
3.98754 4.00178
37.9083 37.9832
12.6623 12.6715
58.8299 58.8393
85.2125 85.2319
49.8251 49.8362
24.5051 24.5147
45.7054 45.7205
0.211987 0.222133
83.2756 83.2799
55.5171 55.5267
20.0684 20.0732
51.4748 51.4848
90.3718 90.3913
0.402985 0.412092
27.2508 27.2696
93.5786 93.5833
72.0483 72.0879
0.0216531 0.0402128
77.8189 77.8233
0.785312 0.802024
32.6736 32.6783
55.4758 55.4868
92.3153 92.3299
52.2952 52.3046
83.8209 83.8277
74.8353 74.8538
13.333 13.3526
2.87415 2.89349
10.5587 10.5686
14.3912 14.4113
27.4641 27.4829
53.9772 53.9868
15.7853 15.7947
47.1906 47.1955
33.8485 33.8578
4.6091 4.61888
95.9347 95.9394
32.6539 32.6583
60.2459 60.2637
76.3574 76.3618
47.0325 47.0415
73.395 73.3995
58.4549 58.5334
41.7378 41.7472
34.3506 34.3671
80.948 80.9652
77.8218 77.8262
23.0257 23.0455
79.7979 79.8076
10.3562 10.3939
0.839966 0.84913
4.57494 4.58422
54.4334 54.4378
66.3827 66.3873
8.3228 8.33154
12.8133 12.8227
96.8571 96.8658
60.2057 60.21
3.01524 3.02508
54 54.0165
53.1518 53.1665
85.8816 85.8915
56.3926 56.41
50.0317 50.0364
70.7214 70.759
0.511734 0.52933
32.0985 32.1356
1.94836 1.95766
81.7788 81.8581
4.50957 4.52628
35.5859 35.6049
66.852 66.892
1.97191 1.98132
16.1161 16.1208
71.4098 71.4195
4.70944 4.72678
17.3135 17.3227
66.3789 66.3834
14.2834 14.2919
69.3501 69.3655
31.8695 31.8787
19 19.0169
0.0997778 0.115438
3.82503 3.84483
9.20501 9.2143
42.4558 42.4745
7.54992 7.56948
7.32602 7.33598
49.3464 49.3576
69.4962 69.5005
21.5908 21.6004
60.0068 60.0464
69.2956 69.3121
16.2838 16.2928
84.2627 84.2822
36.503 36.521
7.93401 7.95204
72.5042 72.5387
15.3562 15.3652
37.8676 37.8725
5.94655 5.96405
38.2425 38.2573
91.958 91.9629
78.254 78.2633
79.5186 79.5297
43.7197 43.7241
64.9651 65.0351
95.8178 95.8225
1.82108 1.83989
32.717 32.7349
0.929697 0.946867
67.2732 67.2889
60.9328 60.9378
95.6109 95.6155
15.3638 15.3682
31.7601 31.7644
5.67085 5.68041
75.7655 75.7754
12.4769 12.4949
88.8097 88.8262
11.3663 11.4054
95.5221 95.5389
66.0481 66.058
77.804 77.8089
75.2155 75.2204
3.74782 3.75772
4.54868 4.56849
62.0096 62.0193
8.94099 8.95866
58.0788 58.0836
70.3467 70.3514
43.1234 43.1412
93.3397 93.3483
0.455073 0.470292
13.5666 13.5858
79.853 79.8697
78.6832 78.6925
56.095 56.1333
86.946 86.9831
94.4702 94.4796
41.5052 41.5227
80.0356 80.0542
5.29302 5.3089
3.2817 3.30082
89.4439 89.4531
86.9235 86.9285
1.58209 1.59204
7.65357 7.67338
1.62318 1.63187
76.742 76.8986
2.5703 2.5748
77.797 77.8069
34.3293 34.3684
15.0368 15.0412
69.781 69.8008
3.77239 3.79091
0.731385 0.741384
1.30636 1.31379
21.3422 21.3518
16.5164 16.5344
1.49088 1.50086
66.6509 66.6667
11.7308 11.7473
50.3658 50.3752
1.90325 1.92197
61.6275 61.6456
12.156 12.1756
80.0606 80.0693
9.6967 9.706
94.414 94.4542
85.9434 85.9528
46.4619 46.5015
51.344 51.3797
10.2187 10.2286
59.2295 59.2484
47.8433 47.8481
75.1794 75.2545
78.9605 78.9789
0.0210426 0.035807
99.0374 99.0461
4.94015 4.9446
76.4454 76.4544
2.15275 2.16253
50.7608 50.904
26.8436 26.8624
66.4295 66.438
91.1135 91.1222
0.775342 0.786346
16.9528 16.9726
16.0748 16.085
69.1272 69.1382
14.4312 14.4357
94.8279 94.8388
78.4648 78.4753
86.6207 86.6306
17.8437 17.8536
14.5833 14.6032
20.7788 20.7966
6.2465 6.28562
20.0462 20.056
67.7008 67.7204
58.7908 58.8629
13.4729 13.4828
2.96385 2.97387
1.73836 1.74831
66.1048 66.1092
65.5528 65.5572
76.6894 76.6988
61.177 61.1971
34.7498 34.7654
81.8922 81.9013
70.1513 70.1611
1.84566 1.8653
7.95028 7.95495
9.52756 9.54635
50.1865 50.1964
27.4888 27.5053
65.5761 65.581
14.6801 14.6966
53.1863 53.2008
4.35022 4.36772
82.0509 82.0597
67.9588 67.9783
10.4468 10.4558
34.3642 34.3688
95.2293 95.2343
81.1914 81.2005
96.4968 96.5148
18.9714 18.9801
98.9985 99.0326
87.4567 87.4662
89.3732 89.3882
10.5545 10.5733
39.589 39.5975
44.0141 44.0239
12.7268 12.7488
28.042 28.0465
63.8503 63.8549
65.6399 65.6446
1.25103 1.26001
47.0688 47.0773
50.726 50.7347
5.779 5.78986
87.084 87.1038
10.7801 10.7975
48.3739 48.3906
76.5007 76.5182
91.0448 91.0496
51.5083 51.527
23.2705 23.2754
23.5731 23.7146
46.8359 46.8457
0.339554 0.357846
30.9545 30.9644
3.61897 3.62875
84.0542 84.2107
18.9115 18.9215
5.32002 5.32981
59.7216 59.7265
29.2782 29.2829
3.58359 3.60154
24.8137 24.8296
68.389 68.394
9.61131 9.62782
10.9943 11.0044
18.2388 18.2487
13.3139 13.3304
71.3573 71.3672
0.917077 0.933584
0.179048 0.193812
8.00572 8.01574
97.2095 97.2252
2.25798 2.27733
38.8153 38.8241
49.3547 49.3647
11.7657 11.7742
84.2572 84.2662
13.0555 13.0707
15.0608 15.0694
30.1732 30.182
62.2577 62.2624
1.55605 1.56539
98.5522 98.5674
93.1673 93.1821
96.4503 96.4864
24.0929 24.1104
25.4099 25.4256
90.8299 90.8499
42.4885 42.4935
16.2716 16.2823
99.463 99.4804
26.0696 26.1071
6.44317 6.45304
75.6397 75.6441
11.0958 11.1056
1.85171 1.86055
54.9552 54.96
48.0324 48.0367
0.411522 0.447174
6.92359 6.93248
72.5119 72.5209
79.9749 79.9839
18.912 18.9212
0.069404 0.0850641
69.5425 69.5475
16.1568 16.1738
63.1375 63.1472
30.7477 30.7665
81.4597 81.4764
52.8523 52.8628
18.7678 18.7874
81.8046 81.8093
48.1038 48.1213
28.9636 28.968
80.8091 80.8185
17.7431 17.7531
86.5538 86.5585
21.8214 21.8587
76.6705 76.6852
99.0631 99.0677
55.6195 55.6245
99.2899 99.3095
16.6112 16.6258
4.89154 4.89594
9.21171 9.22633
98.32 98.3385
75.1422 75.157
93.4926 93.4973
98.3119 98.3164
57.1306 57.1473
23 23.0159
16.8519 16.8705
69.8022 69.8069
9.29185 9.30772
16.53 16.5467
31.5453 31.55
69.015 69.024
27.417 27.4219
99.3484 99.3659
21.5547 21.5714
65.9532 65.9928
9.16558 9.17007
58.0473 58.1226
14.1706 14.1793
0.972152 0.97682
78.3046 78.3096
29.0395 29.0593
70.0738 70.0781
36.59 36.5998
0.438321 0.442829
5.63799 5.64843
80.2013 80.2206
81.7445 81.7632
73.8323 73.837
0.211017 0.225781
77.2611 77.2704
95.9484 95.9569
2.45003 2.45869
10.6147 10.6237
48.5431 48.552
22.3327 22.3492
18.2523 18.2573
21.8522 21.8609
22.0342 22.0506
87.2416 87.2562
51.0498 51.0548
11.2931 11.2998
49.1678 49.1778
47.0381 47.0473
7.59641 7.6057
45.6513 45.6614
8.47919 8.50147
14.8473 14.8519
43.5329 43.5423
54.1447 54.1521
6.05493 6.06434
52.3809 52.3905
13.3715 13.3758
41.3162 41.3205
15.7847 15.7897
51.0645 51.0694
20.0107 20.0201
83.3449 83.3499
1.49217 1.50084
56.294 56.3111
1.5109 1.52922
32.6607 32.6697
67.8959 67.9309
21.0814 21.0919
25.8481 25.8526
54.7522 54.7612
92.0856 92.1206
97.4208 97.4257
99.7468 99.7511
30.339 30.3586
61.9723 61.9818
91.2495 91.2848
6.29337 6.29804
27.0576 27.0675
86.4325 86.4369
43.125 43.1426
86.1612 86.1659
30.4988 30.5076
85.243 85.2629
0.576652 0.607089
36.2064 36.2114
0.364759 0.38065
21.4889 21.5074
7.07468 7.09424
1.18702 1.20659
96.7994 96.8085
8.9888 9.06803
14.1658 14.1751
26.3316 26.3389
5.28301 5.29203
76.2246 76.2337
50.119 50.129
85.0979 85.1167
77.9531 77.9598
41.4927 41.5071
27.6406 27.6571
13.1093 13.1142
37.6304 37.7026
26.3569 26.375
8.89603 8.90494
2.05169 2.06918
86.0647 86.0732
82.0838 82.0928
93.0871 93.092
90.0605 90.0751
14.3248 14.336
19.4929 19.5016
71.0305 71.0401
75.7976 75.8041
1.06437 1.08107
35.198 35.2376
76.2513 76.2904
76.631 76.6687
5.71087 5.73025
15.7296 15.7396
10.5046 10.5091
59.9318 59.9368
12.9698 12.9799
62.8911 62.8957
68.135 68.1445
2.73504 2.75592
17.7075 17.7171
33.2281 33.2433
18.9282 18.937
4.8117 4.82613
36.0566 36.066
2.47561 2.49022
13.3749 13.389
64.1821 64.1908
25.0062 25.0105
20.0122 20.0219
29.7884 29.799
72.7427 72.758
84.8272 84.836
47.8137 47.8207
68.9823 68.9919
8.62608 8.64196
46.8939 46.8988
27.0795 27.0889
7.60229 7.62124
24.3468 24.362
32.969 32.978
81.6307 81.6398
68.4528 68.4578
68.2278 68.2476
0.811785 0.820621
14.7732 14.7926
36.2976 36.332
26.9731 26.9778
2.85411 2.87319
98.9766 98.9866
20.5308 20.5358
43.457 43.4616
67.9971 68.0014
58.3752 58.3852
12.5026 12.5137
43.648 43.6585
83.1943 83.1988
78.6208 78.6407
80.1265 80.1365
43.8003 43.8149
90.0853 90.0951
39.2452 39.2499
60.1173 60.2757
27.0129 27.0175
30.342 30.3613
96.4475 96.4524
72.5559 72.7143
76.1055 76.121
52.7531 52.7619
49.8868 49.8959
94.1895 94.206
25.0694 25.0736
61.2313 61.248
8.73665 8.75414
74.761 74.7658
91.91 91.93
0.381888 0.398395
98.7902 98.7945
83.2309 83.2477
21.1271 21.1366
13.4894 13.4981
32.6795 32.6883
61.8348 61.9922
32.964 32.9827
17.0938 17.0981
96.3149 96.3193
69.5778 69.5964
27.8983 27.9029
75.7535 75.7631
4.86653 4.87104
69.0173 69.057
54.1698 54.179
43.262 43.2666
9.56961 9.57411
71.2719 71.2917
4.8631 4.88053
76.6786 76.688
64.4451 64.4538
41.2854 41.2904
82.4076 82.4166
92.1626 92.173
96.6846 96.7628
19.8537 19.8733
30.0474 30.082
25.0729 25.0828
41.1934 41.1981
97.5299 97.54
24.5662 24.5749
3.21624 3.25387
1.54372 1.55274
6.96995 6.98583
74.2855 74.2948
81.3617 81.3775
41.5951 41.6742
79.0477 79.0851
16.7874 16.8062
39.8486 39.8536
81.0631 81.068
5.34792 5.35779
35.9838 35.9992
29.4178 29.4225
14.6424 14.6523
34.7127 34.7301
45.0987 45.1036
34.9443 34.9618
44.8955 44.9143
18.7798 18.7888
84.2352 84.3766
1.66154 1.68135
38.4327 38.4426
95.84 95.8446
9.57988 9.5893
16.2289 16.2339
15.7478 15.7662
5.87017 5.88895
83.5512 83.5602
91.502 91.5118
64.8431 64.8476
55.4201 55.4246
87.2019 87.2112
13.6671 13.6772
3.35472 3.3735
14.2733 14.2831
63.5638 63.5836
79.0329 79.0477
90.6977 90.7163
52.4874 52.4968
50.9051 50.9139
6.5384 6.54818
88.4893 88.505
51.1291 51.1449
11.4023 11.4206
56.3997 56.4389
53.313 53.3175
0.447041 0.451717
38.4928 38.4977
38.855 38.8641
96.8125 96.8213
24.0795 24.084
0.098046 0.107064
65.9425 65.9525
10.237 10.2458
1.30353 1.32024
66.8259 66.835
1.45293 1.47274
10.4398 10.4509
13.9963 14.0067
1.5714 1.58074
81.1979 81.209
97.834 97.845
56.0906 56.1104
31.9156 31.9342
43.5541 43.5586
71.8146 71.8245
66.6682 66.703
88.2225 88.2271
0.43309 0.443562
10.2515 10.2603
66.3581 66.3673
5.38055 5.39858
13.6284 13.6382
6.23985 6.24452
13.807 13.8364
99.5365 99.5559
73.1866 73.1913
59.3436 59.3482
1.74047 1.74914
63.8365 63.8545
42.0964 42.1055
14.6782 14.6829
92.614 92.6187
43.4219 43.4266
27.0664 27.0762
73.2753 73.2796
9.93492 9.95468
4.81931 4.82424
61.7339 61.7431
0.563407 0.580119
40.9351 40.9507
0.138623 0.154283
41.2597 41.2682
73.7339 73.7525
33.746 33.8897
30.8731 30.8818
0.742908 0.760945
4.83165 4.84106
9.58017 9.59821
1.19209 1.19696
4.71337 4.72228
5.05953 5.06398
64.5068 64.5118
59.8309 59.8395
5.57467 5.59346
50.9663 50.9815
2.80168 2.80613
23.4398 23.4497
39.1492 39.1541
20.7522 20.7615
88.2161 88.2211
78.3278 78.3326
6.4844 6.50448
5.6859 5.70446
6.98067 6.99181
95.7642 95.7687
17.8084 17.8849
50.5804 50.5904
97.9624 97.9714
39.8225 39.8275
46.523 46.5276
89.8317 89.836
0.00583616 0.0223433
21.4573 21.4941
46.1616 46.1797
43.9926 44.0318
92.6657 92.6703
74.2866 74.3227
12.7782 12.7871
32.8741 32.8785
4.14624 4.16506
46.1359 46.1511
93.3276 93.3647
14.8298 14.8456
19.1506 19.1653
20.4877 20.5238
7.03594 7.04069
16.6013 16.6106
0.0554896 0.0721677
0.372176 0.376672
75.8414 75.8518
9.69248 9.73233
23.8919 23.8968
30.7288 30.7468
82.8485 82.8578
0.0607971 0.0775093
20.9729 20.9828
2.57439 2.59385
13.0535 13.0646
27.0456 27.06
53.7654 53.7696
78.0887 78.0985
2.41681 2.43462
0.506741 0.58098
25.9212 25.9386
26.3584 26.3758
79.2137 79.2323
17.8663 17.8838
67.2159 67.2518
1.47209 1.48202
4.65768 4.66699
55.7813 55.9298
21.6339 21.6381
6.17591 6.18486
9.49552 9.50517
71.7452 71.7619
45.8033 45.8829
86.2274 86.2319
22.7881 22.7924
17.5438 17.5487
7.42081 7.43848
67.0387 67.0434
99.9681 99.9731
15.3429 15.3625
90.3476 90.3644
1.78491 1.79483
9.46484 9.50446
74.0011 74.0108
87.5882 87.597
45.0475 45.0522
79.1516 79.1668
0.910149 0.915115
5.71693 5.73497
58.1322 58.1705
11.7293 11.7474
2.93238 2.95219
59.6471 59.6515
10.6301 10.6413
30.2362 30.2412
3.4416 3.46116
96.5851 96.5963
3.44776 3.45227
54.7698 54.7894
34.4815 34.4967
46.7065 46.7109
13.9261 13.9457
90.5522 90.6304
0.780957 0.818704
84.4755 84.4943
76.7148 76.7295
81.0337 81.072
4.37044 4.38022
95.9529 95.9724
93.0243 93.0336
18.7833 18.7927
26.8245 26.8341
17.8051 17.8138
10.1382 10.1568
11.8975 11.9347
30.2466 30.2814
7.99887 8.01367
98.4049 98.4093
42.7364 42.7458
26.4414 26.4508
10.6729 10.6826
76.0363 76.115
34.8288 34.8473
87.496 87.5048
4.03408 4.04343
24.5475 24.5521
3.57528 3.58403
15.272 15.2906
96.3792 96.3838
76.9567 76.9659
96.437 96.4414
7.88547 7.90524
0.751263 0.761217
24.6243 24.6337
6.53634 6.54575
76.4151 76.4332
82.6936 82.703
43.077 43.095
91.7613 91.7811
92.6689 92.6853
27.2731 27.284
93.6147 93.6193
29.1426 29.1521
78.6093 78.6137
83.903 83.9178
2.02796 2.03247
69.0178 69.0224
40.7913 40.8
8.576 8.58087
35.448 35.4523
7.51608 7.52536
62.94 62.949
78.7744 78.7925
71.9982 72.004
93.623 93.6274
32.1217 32.1376
58.6335 58.7929
51.5278 51.5377
64.0878 64.0967
7.66315 7.68096
59.4824 59.4913
65.607 65.6162
94.4663 94.4709
96.5199 96.5308
64.6356 64.6515
65.2365 65.2564
34.1482 34.168
2.7972 2.81211
4.5481 4.5528
13.9071 13.9432
63.5399 63.5488
38.9648 38.9738
94.4096 94.4263
90.3946 90.4317
15.0272 15.0371
13.3818 13.4195
90.7555 90.7649
10.6416 10.6526
83.2667 83.2754
57.7975 57.802
78.2135 78.2185
25.6072 25.6121
10.4011 10.411
60.1347 60.1438
26.3391 26.3543
4.13199 4.14765
12.0456 12.0653
13.3985 13.4035
15.3463 15.3662
19.3869 19.4622
10.6172 10.632
99.0269 99.0436
57.0065 57.0155
14.4456 14.5192
66.279 66.2978
84.4935 84.5023
36.1008 36.1095
24.3446 24.3613
40.9255 40.965
44.4418 44.4779
35.7784 35.7878
7.3689 7.37624
77.0953 77.2554
77.4109 77.4204
10.3925 10.41
43.8069 43.8119
95.0147 95.0194
6.04819 6.06622
2.47869 2.49618
13.6661 13.6771
82.5619 82.5793
92.822 92.8269
52.6678 52.6723
50.2736 50.2921
11.2002 11.2173
53.9286 53.9354
70.3269 70.3426
12.0101 12.0151
72.0471 72.0636
29.9059 29.9108
38.7194 38.7238
68.7906 68.7951
26.7941 26.7991
23.0752 23.0844
43.4287 43.433
32.4779 32.4825
72.9133 72.9834
9.95078 9.96881
73.6342 73.6436
60.9208 60.9373
6.85121 6.85566
5.27645 5.28134
11.0543 11.063
96.7491 96.7537
80.8343 80.8439
49.6162 49.6272
24.5258 24.5304
10.8207 10.8387
57.0393 57.0578
73.3506 73.3605
49.1565 49.3008
3.47265 3.48831
1.45843 1.47494
50.2151 50.2251
93.941 93.95
5.95255 5.97248
58.6974 58.7141
39.4214 39.4279
64.8832 64.8876
52.7481 52.7656
8.24746 8.2573
76.6627 76.6824
25.1239 25.1326
67.1133 67.1176
29.1354 29.146
35.3309 35.3353
44.3193 44.3291
30.5217 30.5329
44.3849 44.3896
41.4161 41.4327
12.8564 12.8651
19.031 19.0406
59.0531 59.0629
3.11424 3.15278
27.6032 27.6132
86.631 86.6467
11.4243 11.4313
0.597804 0.612686
60.2396 60.3893
53.784 53.7934
28.3953 28.4039
54.8524 54.8688
48.6373 48.6473
91.6461 91.6508
31.1665 31.1708
51.9261 51.942
20.4632 20.4743
71.9353 71.9442
96.8672 96.8762
4.93232 4.94905
92.7588 92.775
18.4709 18.4799
1.47996 1.49483
19.5257 19.535
37.4863 37.4953
48.5471 48.6914
32.7637 32.7821
0.57455 0.583385
44.7693 44.786
60.6636 60.6734
31.4163 31.4348
98.8978 98.9077
58.476 58.4805
62.1238 62.1284
88.4921 88.4967
27.852 27.9963
91.4707 91.5493
94.4356 94.4752
38.3304 38.3353
77.2497 77.254
22.2743 22.2792
69.5847 69.6243
66.9586 66.9629
5.87953 5.89757
47.2242 47.2309
19.7114 19.7203
2.20771 2.22761
81.4645 81.4691
13.6107 13.6287
54.3087 54.3478
32.5902 32.6061
9.62815 9.64337
72.8834 72.902
46.1162 46.1321
59.0049 59.0136
76.9336 76.9428
10.732 10.7473
95.9143 95.9341
86.1769 86.1868
78.7917 78.8017
57.88 57.8958
49.2396 49.2561
3.78657 3.8055
34.6485 34.6578
73.8733 73.8782
67.1644 67.184
78.1498 78.1587
84.9804 84.9848
58.8804 58.8895
13.6475 13.665
89.2074 89.2239
11.0247 11.041
6.17574 6.19551
70.8881 70.9277
2.82242 2.84223
3.53138 3.54888
98.4871 98.5068
17.5864 17.5963
9.00763 9.0267
78.0944 78.103
5.30237 5.3198
67.9825 67.9918
10.2158 10.2508
12.1389 12.1612
51.7648 51.7699
4.22829 4.24571
1.96475 1.97403
99.1748 99.2441
46.6457 46.655
22.012 22.0315
48.4496 48.4583
84.6512 84.6559
21.23 21.2467
39.2285 39.2332
55.1975 55.2122
6.511 6.5203
81.5857 81.5944
24.7358 24.7514
58.7247 58.7399
7.33823 7.3563
71.0799 71.0987
7.34147 7.35987
76.845 76.8646
63.5725 63.577
9.07159 9.07616
22.3723 22.3835
37.5095 37.5138
43.349 43.3595
92.6626 92.6676
77.1419 77.1467
61.2591 61.264
53.5514 53.56
50.3406 50.4133
85.9189 85.9372
38.269 38.2855
97.5788 97.5878
8.10403 8.12201
37.1531 37.2273
98.1573 98.1721
47.0818 47.0866
65.6402 65.6451
11.7158 11.7517
68.8736 68.8835
3.31036 3.33016
19.8191 19.8237
57.4474 57.6039
35.0881 35.1058
80.3621 80.372
46.8233 46.9817
23.6397 23.6441
94.1448 94.156
15.0017 15.0215
58.5892 58.5939
34.3268 34.3371
94.2967 94.3164
16.3386 16.3485
2.3887 2.39767
4.49487 4.504
7.81522 7.81976
46.8525 46.8708
45.0021 45.007
81.0613 81.0765
77.5846 77.6026
50.2513 50.2612
17.3562 17.365
53.004 53.0089
67.493 67.5024
24.7351 24.7436
4.75039 4.77032
92.984 92.9913
1.54899 1.56355
0.263561 0.278168
44.1177 44.1223
42.7573 42.8311
23.3763 23.4155
1.95144 1.96894
53.0679 53.0724
22.3228 22.3273
14.8367 14.8464
63.1174 63.1221
85.4588 85.4637
2.30338 2.31328
0.121848 0.138355
64.7835 64.7927
2.3344 2.34399
27.8985 27.9078
0.339592 0.354811
24.3591 24.3743
15.6464 15.6564
4.98144 4.99244
17.7196 17.7293
97.7331 97.749
72.6793 72.7174
2.01751 2.03273
74.1423 74.1621
60.4123 60.4168
74.0181 74.0226
67.2454 67.2504
76.4062 76.4152
19.9197 19.9345
29.8648 29.8743
3.45839 3.46739
10.3348 10.3452
12.5971 12.6015
31.2607 31.2701
30.8816 30.886
93.2561 93.2938
74.2388 74.2482
67.9754 67.9908
36.2318 36.2363
27.8716 27.8815
61.5333 61.5434
23.9845 23.9892
32.1563 32.2302
76.4106 76.4467
8.55905 8.56896
60.3084 60.3232
97.2847 97.3233
10.0885 10.0979
68.9044 68.9393
69.1271 69.1317
27.1088 27.1176
20.6013 20.6118
85.7803 85.7893
45.6196 45.6296
31.8223 31.8402
86 86.0159
1.34253 1.36166
1.36469 1.37437
89.0501 89.0862
95.5746 95.5844
50.6183 50.6225
13.8371 13.8417
17.3538 17.3631
47.7426 47.7525
6.87405 6.89283
59.0039 59.0206
80.0659 80.0704
45.0539 45.1331
53.8833 53.8922
19.1524 19.1569
75.3847 75.3995
4.70399 4.7137
82.878 82.8876
25.0248 25.0294
9.05259 9.06232
14.2263 14.2361
95.8046 95.8419
16.3646 16.3689
31.7622 31.7672
73.2204 73.3604
67.7627 67.7717
4.97047 4.98169
55.8244 55.8429
42.9469 42.9667
60.2575 60.2662
2.84326 2.8626
21.9918 22.0008
39.2134 39.2184
61.0166 61.0211
28.69 28.7261
39.6818 39.6867
11.7658 11.7847
1.72437 1.73415
30.9051 30.915
43.9593 43.9697
14.2461 14.2616
24.902 24.938
16.7516 16.761
77.7346 77.7391
41 41.1444
23.5517 23.632
5.65898 5.66389
80.408 80.4451
1.30196 1.32025
62.8824 62.9215
81.8874 81.8924
41.6328 41.6413
33.4082 33.4128
55.7573 55.7663
0.220432 0.237144
87.1525 87.1574
4.81118 4.81993
14.0467 14.0619
42.532 42.5366
22.02 22.0311
97.3313 97.341
42.1952 42.2121
96.2102 96.2196
31.1604 31.1791
9.36886 9.38626
32.1207 32.1254
0.975671 1.00484
82.0818 82.0865
81.8456 81.8505
7.7069 7.71565
96.4042 96.4089
18.9494 18.9589
39.7385 39.7435
65.8537 65.8716
93.8197 93.8349
93.2094 93.2244
8.69543 8.71415
88.7257 88.73
53.0504 53.0549
54.2593 54.2749
32.9152 32.9262
79.4272 79.4322
41.1675 41.178
66.4502 66.5217
54.9042 54.9835
16.4011 16.4122
11.3192 11.3351
10.4929 10.4978
7.69657 7.71414
1.16584 1.18573
2.61782 2.63735
6.22587 6.23062
96.7632 96.7677
15.5544 15.5743
89.2662 89.2712
69.9513 69.961
45.0842 45.0934
0.655943 0.665786
9.06704 9.07695
74.3637 74.3734
6.65105 6.67048
17.3879 17.3978
81.3144 81.3303
61.5007 61.5055
51.7631 51.7815
14.874 14.8868
60.9391 60.9484
5.33468 5.33963
13.7945 13.8038
54.0429 54.0528
97.2426 97.28
58.5579 58.5677
31.8015 31.8065
49.4764 49.4862
8.29388 8.30432
72.6593 72.6686
3.25552 3.26018
52.7276 52.7319
60.4163 60.4251
29.6629 29.6729
34.6656 34.6752
13.2403 13.2495
26.5818 26.5867
63.4017 63.4105
85.6155 85.6322
10.1501 10.1666
13.2351 13.2396
1.75678 1.77672
1.60376 1.61267
4.43764 4.45645
93.3981 93.403
17.1352 17.1511
99.9574 99.9619
58.6718 58.6815
15.4467 15.4783
80.8994 80.9085
13.5955 13.6002
78.108 78.1165
75.5041 75.5152
1.66043 1.66904
78.4946 78.5036
50.3167 50.3257
7.73676 7.74609
97.8252 97.9044
54.0453 54.0825
46.2808 46.2851
95.8223 95.8268
32.2817 32.2908
28.8489 28.8539
64.1 64.1087
1.03481 1.05152
69.3779 69.3825
94.2263 94.2406
36.6522 36.6565
8.04445 8.05387
18.5132 18.5528
13.2381 13.2528
89.0469 89.065
50.4859 50.4949
9.1159 9.1253
71.1498 71.1542
0.628832 0.638977
52.2337 52.2423
5.18414 5.19316
2.54958 2.5684
17.1796 17.1886
20.2854 20.2953
1.9083 1.9281
21.5205 21.5302
63.3052 63.3137
61.1431 61.1807
1.48339 1.49192
45.5137 45.5304
71.1148 71.1258
13.8318 13.8501
3.54883 3.56554
93.0938 93.0987
1.559 1.56395
1.7376 1.74662
26.7004 26.7051
80.0039 80.0211
76.4046 76.4131
49.8171 49.8258
83.3584 83.363
6.84523 6.85969
62.2379 62.2465
6.27737 6.29714
9.51102 9.52216
12.2352 12.3104
12.3772 12.4133
69.8277 69.8433
80.8475 80.8645
95.4973 95.5023
73.9114 73.9201
70.6808 70.6975
70.6716 70.6815
85.028 85.0479
40.7963 40.8013
91.9585 91.9783
65.3314 65.3364
79.0878 79.0977
79.0911 79.1009
12.4019 12.4113
85.1711 85.187
63.624 63.6285
85.3927 85.4039
3.63098 3.65088
8.0375 8.04183
71.0702 71.213
62.2796 62.2901
25.0738 25.0784
10.7258 10.7425
9.36134 9.3758
94.5129 94.5178
37.377 37.4452
1.25675 1.26529
31.3878 31.3963
62.6164 62.6206
19.5941 19.6052
83.0588 83.0776
78.2941 78.2987
80.7932 80.81
55.782 55.7865
45.8049 45.8099
63.9701 63.9858
99.6338 99.6493
33.1253 33.1303
6.49325 6.51297
23.1964 23.2009
7.8128 7.82909
13.6948 13.6991
31.0227 31.1812
12.6727 12.6773
76.2831 76.2998
53.2846 53.2954
17.0909 17.0953
6.33249 6.34118
17.723 17.732
65.0949 65.134
3.23414 3.2498
9.6854 9.70211
97.2675 97.2718
10.1671 10.1769
34.7026 34.7373
8.4307 8.44947
62.5335 62.5433
5.38106 5.41714
89.3393 89.3441
28.9515 28.9602
49.9115 49.9288
5.23065 5.24736
87.2797 87.2964
0.217239 0.233746
35.513 35.5173
38.6644 38.6689
51.4236 51.4597
94.2109 94.2197
14.4094 14.4266
72.5081 72.5155
38.4669 38.4712
94.4667 94.4752
15.8091 15.8271
36.2044 36.2135
27.5261 27.546
8.08353 8.09281
38.9026 38.9119
15.495 15.4993
44.7389 44.7487
13.0406 13.05
68.8982 68.9079
60.5803 60.6497
19.8087 19.824
54.5903 54.6082
4.49372 4.51176
5.16031 5.17774
53.207 53.277
94.6973 94.7067
36.4219 36.4313
55.4229 55.4625
61.5068 61.5266
30.5786 30.5969
9.91495 9.93476
10.8888 10.8987
4.25925 4.26775
1.29012 1.29449
45.7369 45.7459
69.1602 69.1759
97.0136 97.0311
2.91643 2.92108
3.07767 3.09417
95.3393 95.3439
22.084 22.1204
10.2783 10.2882
7.88311 7.89186
16.1507 16.162
8.50083 8.50984
90.654 90.6585
1.29977 1.30906
58.6581 58.6739
17.8376 17.8478
18.3452 18.3539
69.6779 69.6975
52.4616 52.4665
57.0172 57.0272
5.98056 5.99859
35.6019 35.6064
50.4531 50.4577
69.6342 69.6509
3.82843 3.84824
43.4193 43.4922
9.60707 9.64467
16.5883 16.608
57.4903 57.4949
2.39758 2.54811
52.0817 52.0983
34.3814 34.386
9.082 9.08633
63.207 63.2258
99.3488 99.368
82.0165 82.0331
9.20424 9.21276
40.4308 40.4395
26.1563 26.1668
7.11579 7.13119
93.795 93.7995
95.3623 95.3669
38.6129 38.6178
65.6701 65.675
74.8719 74.8764
6.16113 6.16546
23.1107 23.1152
69.3835 69.4031
44.6856 44.7232
1.19256 1.20844
75.3697 75.3788
93.5595 93.5741
96.1465 96.1561
0.206783 0.221367
70.2893 70.3038
60.8613 60.8761
17.2856 17.3206
18.5207 18.5305
36.4885 36.4934
7.8085 7.82845
50.8749 50.8842
19.4095 19.4194
58.4866 58.4963
15.7867 15.8029
49.4036 49.4182
22.6116 22.6162
45.1735 45.1931
69.5932 69.5975
96.742 96.7467
17.3608 17.3765
99.3295 99.3493
24.8797 24.8845
38.448 38.4568
66.5816 66.6014
49 49.0165
36.8219 36.8315
78.558 78.5628
22.0381 22.0755
69.5065 69.5154
31.1056 31.1214
33.1261 33.1443
88.1595 88.1694
0.601773 0.611277
3.33362 3.35255
47.392 47.4018
99.4443 99.449
13.6398 13.6444
24.754 24.7585
10.0903 10.1003
84.8736 84.8936
58.4419 58.5862
69.2253 69.2449
95.9193 95.9292
26.8025 26.821
13.0293 13.0391
60.4038 60.476
78.9783 78.9981
16.1335 16.1726
2.33824 2.48254
86.1035 86.1146
4.26556 4.28351
19.2652 19.2847
12.4718 12.4899
29.794 29.7987
71.7184 71.8584
5.42979 5.4483
76.7602 76.7698
94.9932 95.0097
49.5059 49.5158
86.3949 86.431
63.1418 63.1462
90.0975 90.1067
83.5639 83.5737
48.8568 48.8727
33.2929 33.2978
60.2492 60.2651
36.0707 36.0751
31.9706 31.9865
35.7924 35.8016
12.9331 12.9377
18.4758 18.4933
10.7157 10.7355
17.2192 17.2291
12.4433 12.4526
78.7147 78.7531
24.4504 24.4551
33.6579 33.6628
39.2971 39.302
14.0316 14.036
2.62047 2.62975
7.11697 7.12167
16.5821 16.6005
24.6196 24.6343
49.5787 49.5972
44.1918 44.21
77.0408 77.0573
15.4888 15.4933
12.4621 12.4733
32.2079 32.2179
90.9371 90.942
69.3482 69.3581
81.4145 81.571
11.0159 11.0326
59.756 59.7653
88.8017 88.8112
42.2771 42.2818
26.4286 26.4329
88.1666 88.1754
94.4042 94.4194
0.193516 0.211553
0.192142 0.196652
14.2281 14.237
63.4724 63.4891
90.4484 90.4857
0.344853 0.360072
91 91.0165
27.3282 27.3457
53.5262 53.5353
97.8645 97.8695
82.8944 82.9038
94.2554 94.2647
6.96872 6.98606
0.624915 0.633933
1.64612 1.66468
7.20249 7.21949
90.2483 90.257
85.6514 85.6601
0.485021 0.522653
3.59454 3.60383
46.8157 46.8268
2.51078 2.51988
25.1364 25.1458
54.4013 54.417
54.2681 54.2862
11.2243 11.2391
13.2262 13.2448
42.5419 42.5796
66.552 66.5564
90.091 90.1703
47.767 47.8391
49.8823 49.899
75.421 75.4255
66.3524 66.3571
16.3041 16.3127
96.0047 96.0097
81.4663 81.481
10.6475 10.6577
75.293 75.2976
16.4361 16.4464
32.0897 32.0984
32.2693 32.2859
12.4149 12.4251
20.6185 20.6337
79.0447 79.0635
59.4867 59.5067
33.4628 33.4673
86.0161 86.0204
74.9026 74.9422
48.6736 48.8221
96.3811 96.3853
57.2225 57.231
48.6639 48.6804
34.4644 34.4744
65.6983 65.7089
5.32515 5.33386
44.084 44.095
53.323 53.3279
25.5153 25.5252
41.6164 41.6209
69.3935 69.3984
69.5487 69.5531
5.71226 5.71968
1.7638 1.77902
12.8669 12.8843
67.7928 67.8278
15.026 15.0324
19.6907 19.6993
23.574 23.5839
34.113 34.123
7.92556 7.93543
5.53501 5.55218
6.26675 6.27675
8.86281 8.88258
87.6268 87.6333
32.3903 32.3947
74.8022 74.807
9.67424 9.67869
38.6229 38.6327
76.8957 76.9144
5.72251 5.73126
0.048521 0.0632634
16.2184 16.2231
46.154 46.1632
99.4625 99.4674
4.55422 4.55909
43.3735 43.3779
12.1482 12.158
26.3618 26.3665
4.49347 4.50219
44.0153 44.0853
89.7544 89.9129
99.5146 99.6509
41.2125 41.2226
33.6036 33.6147
18.1847 18.2045
40.4374 40.4463
12.9634 12.9833
25.1285 25.1384
7.68857 7.69793
98.6188 98.6355
94.7385 94.7786
5.33765 5.34667
46.1482 46.1638
32.6961 32.7007
42.3041 42.3137
1.22067 1.23054
25.8965 25.9015
98.7999 98.819
92.6803 92.7154
7.48746 7.49621
1.30638 1.31505
10.5602 10.58
7.7382 7.74812
35.6595 35.6643
2.63866 2.6557
42.1437 42.1618
81.0328 81.0676
24.8771 24.9126
9.10095 9.11767
47.7537 47.9122
5.74593 5.7525
85.4253 85.4441
34.5321 34.5416
46.9298 46.939
13.9378 13.9747
91.0871 91.1051
13.3125 13.3306
5.75426 5.77362
95.9893 95.9985
29.3242 29.3286
18.7369 18.7459
88.6666 88.7385
68.3233 68.3391
66.7284 66.7328
76.3801 76.4
1.04007 1.04933
5.98614 6.00117
61.4478 61.4569
26.3746 26.3907
9.35702 9.36706
27.3577 27.3624
13.3867 13.3915
6.08823 6.10728
75.2804 75.285
5.22762 5.24743
83.0507 83.0557
14.9809 15.0005
71.0193 71.024
0.834363 0.84352
65.2295 65.2394
95.9849 95.9894
57.5386 57.5491
84.0986 84.1143
84.1618 84.1665
0.364146 0.368929
14.0868 14.0955
29.3603 29.3646
65.5265 65.5364
2.03213 2.04885
0.675397 0.691905
49.509 49.5435
46.1308 46.1406
58.5803 58.5848
83.1336 83.1509
65.7092 65.7141
0.947816 0.956565
33.261 33.2657
62.9656 62.9749
63.4979 63.5024
18.7319 18.7409
93.8402 93.8582
33.0905 33.0999
62.5964 62.613
72.8227 72.9618
9.6663 9.68602
9.73728 9.7463
18.0888 18.0935
40.3401 40.3443
86.4686 86.4774
94.1966 94.2119
41.2511 41.2607
91.6976 91.7121
8.96873 8.97874
4.81489 4.8243
51.8188 51.8332
6.06587 6.07578
55.3048 55.3139
54.8545 54.8726
35.1507 35.1552
24.0403 24.0589
72.427 72.4468
58.3845 58.3997
41.5068 41.5115
62.6658 62.6751
47.0914 47.0964
30.6835 30.6925
27.5183 27.523
89.3912 89.3956
91.193 91.2018
68.2983 68.3178
65.3984 65.4158
16.776 16.7956
66.3501 66.3606
28.6213 28.6261
64.6815 64.6907
15.2452 15.2549
58.86 58.8789
30.2602 30.278
57.3078 57.3128
40.6417 40.6506
12.035 12.0437
11.5024 11.5204
91.1552 91.1598
35.1648 35.1848
71.9417 71.9506
14.3428 14.4973
34.7655 34.774
10.5796 10.5986
72.6215 72.6259
99.9527 99.9617
27.4672 27.4757
54.3795 54.3889
3.13261 3.14212
30.1699 30.1747
76.8451 76.8561
60.9723 60.9872
36.3457 36.3524
22.4459 22.4619
79.5289 79.6724
6.79636 6.80626
13.8651 13.8831
51.6733 51.7108
99.4066 99.4112
71.4823 71.5002
36.6178 36.6555
47.2567 47.2959
80.0842 80.0889
6.7854 6.7944
2.09093 2.11098
0.31107 0.344694
22.5232 22.5275
1.60002 1.61005
10.3579 10.3746
69.0381 69.0471
85.5942 85.5987
22.8905 22.8995
79.9152 79.9317
16.8442 16.8542
42.0878 42.0964
16.6557 16.6732
42.0567 42.0943
96.9347 96.9392
40.4394 40.449
67.0638 67.0793
57.3276 57.3474
80.9087 80.9186
5.81177 5.83146
19.8927 19.9118
0.0288285 0.0453357
41.1794 41.1965
53.3627 53.3826
5.04749 5.05863
32.6737 32.6787
94.5361 94.5451
76.5656 76.5855
14.9593 14.9954
3.12958 3.14815
72.0504 72.0552
80.9221 80.9318
6.62166 6.62626
1.58713 1.60693
84.595 84.6062
24.8306 24.9098
0.721662 0.741625
9.56964 9.60931
91.9776 91.9941
57.2295 57.2408
16.3325 16.3414
15.8874 15.8973
14.2341 14.2387
61.7931 61.809
45.4657 45.4825
34.0137 34.0183
8.89288 8.91037
44.787 44.8067
73.6953 73.7043
12.2475 12.2524
23.3366 23.3514
40.1612 40.1657
87.407 87.4117
62.9197 62.9243
41.5424 41.5521
99.2761 99.2928
0.0152328 0.0302626
43.5269 43.5318
69.7816 69.7909
63.0784 63.1176
9.30017 9.30916
17.6511 17.6669
83.736 83.7459
3.77385 3.77878
14.7761 14.7861
42.4265 42.4644
74.406 74.4765
1.01535 1.0243
47.6359 47.6403
0.819269 0.829414
44.448 44.4632
46.3603 46.3646
15.7357 15.7512
95.7919 95.7964
47.7723 47.8084
24.1541 24.1588
0.527013 0.541473
2.67997 2.71958
90.6869 90.7241
82.3082 82.4546
21.2941 21.3126
43.4575 43.4663
10.4736 10.4895
0.872702 0.892266
78.7144 78.719
0.346264 0.356823
11.0634 11.0701
33.0241 33.166
92.2188 92.2386
43.32 43.3244
3.52357 3.53816
4.27866 4.28745
13.0181 13.0893
2.27816 2.28802
10.8776 10.8825
17.974 17.983
63.592 63.5967
54.8371 54.8415
16.2008 16.2101
24.0024 24.0191
2.11656 2.13132
7.35075 7.36988
87.9488 87.9686
0.294548 0.310424
0.337468 0.353675
2.66797 2.68663
61.0625 61.0717
24.805 24.8094
74.0718 74.1118
59.9657 59.9701
0.0937823 0.110495
89.7553 89.76
30.2108 30.2206
2.23329 2.24805
3.59016 3.59873
23.7759 23.7802
15.0036 15.0193
35.2219 35.2266
74.1121 74.117
28.6782 28.6831
2.48675 2.50556
65.5971 65.6017
73.1273 73.136
14.3802 14.3989
59.318 59.3973
75.695 75.6993
26.6345 26.6389
1.08697 1.09192
91.6199 91.629
57.7596 57.7693
4.01006 4.01486
6.98141 7.00097
32.3206 32.3383
10.3742 10.3886
87.9578 87.9744
16.2363 16.241
6.72431 6.72926
56.2449 56.2493
52.6829 52.7225
1.91456 1.9189
6.07016 6.07486
13.9977 14.0067
3.74042 3.75554
77.3364 77.3451
10.2552 10.2646
15.3042 15.3087
83.1056 83.1107
22.0022 22.0071
18.1285 18.1454
71.8708 71.8867
3.03861 3.04295
51.5667 51.5717
50.363 50.3676
3.98388 3.99372
16.272 16.2913
50.7502 50.7592
33.526 33.5305
24.6529 24.6903
65.0247 65.0345
36.5169 36.5257
17.3305 17.3399
12.661 12.6655
9.72305 9.74109
10.7008 10.7094
19.8973 20.0375
44.0665 44.0853
48.0824 48.1554
63.4094 63.4139
49.7369 49.7419
43.8443 43.8641
0.657883 0.67769
2.69378 2.70267
35.4929 35.5117
66.588 66.605
63.5144 63.5191
98.5304 98.535
73.374 73.3834
89.6054 89.6431
21.0371 21.0529
98.0973 98.1023
66.7943 66.7988
16.306 16.316
11.9619 11.9987
97.2337 97.2435
6.62784 6.64435
94.9549 94.9598
92.9196 92.9243
3.00423 3.00887
11.8883 11.9067
17.6339 17.6537
10.7094 10.7188
5.98507 5.99448
57.9259 57.9303
0.734303 0.738845
72.5201 72.5354
21.1817 21.2014
12.3231 12.3382
49.0301 49.0367
3.76071 3.77928
57.2416 57.2462
89.1307 89.1395
29.2489 29.2654
76.5292 76.5337
84.0502 84.0898
9.57902 9.61402
52.8089 52.8132
61.7895 61.7963
18.7327 18.7421
15.9404 15.9508
3.49826 3.51761
73.1458 73.2182
10.3746 10.3833
0.0378711 0.0529217
6.07856 6.08349
95.1546 95.1918
54.7959 54.8059
94.6295 94.6648
1.77218 1.78139
96.5921 96.6078
9.58135 9.60006
3.34104 3.35983
51.8432 51.8528
56.47 56.4846
43.1607 43.1766
12.274 12.292
4.30905 4.31905
18.6328 18.6439
91.9883 91.9974
41.833 41.8424
15.5681 15.5771
72.1964 72.2012
36.5517 36.5616
21.5872 21.5961
58.6512 58.6693
26.8823 26.899
50.3553 50.3643
64.9565 64.9664
43.2197 43.2262
60.5083 60.5433
26.4524 26.4704
99.4796 99.497
2.08075 2.15602
12.6713 12.6759
11.637 11.6469
47.1978 47.2177
71.7953 71.8002
62.824 62.8389
89.8674 89.8823
81.2854 81.3032
18.6661 18.6835
77.7287 77.7376
51.9907 51.9998
28.4356 28.4531
18.5511 18.5676
58.9871 58.9918
83.5775 83.5818
28.9174 28.9261
13.5981 13.6122
45.2606 45.2652
53.4901 53.5068
74.2316 74.2365
22.2702 22.2772
57.4497 57.4585
81.2279 81.2383
38.2856 38.304
40.2061 40.2108
37.4909 37.5001
8.98135 9.01926
8.06856 8.08378
1.75833 1.76759
93.1044 93.1219
7.0367 7.05473
48.0416 48.0603
38.2435 38.2481
35.4104 35.4153
10.0822 10.0867
48.2256 48.2651
6.72784 6.74426
7.0794 7.08403
71.3572 71.367
75.6908 75.7006
1.83696 1.85367
96.7224 96.7272
13.3287 13.3472
15.884 15.8883
31.6972 31.7017
62.8737 62.8836
7.89818 7.90752
44.3269 44.3318
14.2964 14.3011
88.8296 88.8346
9.63305 9.64226
69.5405 69.5558
71.5303 71.5411
28.5257 28.5306
53.1484 53.1594
79.5177 79.5264
0.527115 0.531648
1.71394 1.72306
25.3971 25.4724
83.7546 83.7733
17.4645 17.4801
26.0487 26.0861
12.3322 12.3498
55.7972 55.8138
1.40831 1.41711
74.5057 74.5159
73.4185 73.423
79.6318 79.6483
66.542 66.5469
30.7303 30.735
22.2722 22.3515
14.7293 14.7446
22.4129 22.4287
89.2271 89.2438
16.3117 16.3307
41.362 41.3669
4.34961 4.35426
4.41945 4.4239
9.56643 9.58521
67.5302 67.5413
73.4311 73.4463
2.40032 2.42013
26.6886 26.7246
0.0261001 0.0428124
76.7812 76.7971
9.05891 9.07703
8.10257 8.12213
50.6338 50.6485
6.18422 6.19401
88.4047 88.4434
63.7696 63.7745
66.1874 66.1967
28.744 28.7615
7.09436 7.10424
0.243501 0.260008
53.2325 53.2375
25.3128 25.3306
4.34861 4.36664
90.7769 90.7814
63 63.0188
17.6148 17.6235
94.3367 94.4086
69.6285 69.647
90.1353 90.1398
67.0131 67.0176
84.8869 84.8967
62.5298 62.5396
11.9306 11.9473
97.6076 97.6122
47.0239 47.0338
0.940598 0.959391
68.5696 68.6055
67.5124 67.5218
2.59671 2.61147
15.9 15.9105
4.73937 4.74865
75.7505 75.7596
7.90345 7.92322
37.7783 37.8128
5.06634 5.08591
68.2454 68.2621
18.6055 18.6148
95 95.0152
1.67824 1.6829
64.4837 64.4923
23.6226 23.6325
76.926 76.9631
71.2876 71.2924
11.5324 11.5411
17.7118 17.7217
10.0113 10.031
37.348 37.358
30.8513 30.8561
13.4879 13.4926
2.52673 2.5354
54.0049 54.0094
5.29022 5.30989
17.529 17.5376
54.7145 54.7192
1.57947 1.59049
80.5684 80.5769
11.9592 11.9638
47.5794 47.6171
27.0308 27.0355
71.8807 71.8893
71.0713 71.08
11.802 11.8119
86.1603 86.1696
40.4161 40.4261
20.9886 21.0251
64.8437 64.8532
48.6511 48.6598
14.0028 14.0118
29.0621 29.0668
8.9398 8.94962
80.0932 80.0981
0.185247 0.189735
35.4049 35.5419
8.57663 8.5913
92.5487 92.5671
54.3102 54.3203
35.7424 35.7473
32.3685 32.3844
89.3173 89.326
12.1471 12.181
2.78721 2.80509
42.3508 42.3607
0.747212 0.76471
59.095 59.104
94.5831 94.588
21.4283 21.4644
95.0525 95.0902
33.817 33.8569
28.2577 28.2736
77.1376 77.1562
75.3212 75.3601
89.1003 89.1097
8.52115 8.54024
45.2087 45.2284
91.4011 91.4056
21.0912 21.11
36.3305 36.335
23.994 23.9988
7.94276 7.96089
5.15796 5.16708
26.4188 26.4287
67.4452 67.4501
41.0757 41.0801
3.08765 3.10287
0.117958 0.12291
70.4413 70.5998
85.1155 85.1204
13.4456 13.4562
75.2897 75.2992
25.0597 25.0993
28.8155 28.8252
3.50272 3.51153
3.68178 3.68673
87.5073 87.5118
14.4116 14.4214
47.831 47.8409
56.0593 56.0636
16.2867 16.2913
9.05134 9.06068
41.9194 41.9293
43.4711 43.4885
2.51165 2.53137
99.9198 99.9572
31.903 31.9077
1.38413 1.39403
51.4898 51.5096
2.31176 2.33153
80.7321 80.7371
34.1692 34.189
13.8473 13.8561
44.8766 44.886
50.877 50.9159
27.945 27.9535
60.5801 60.5982
47.8688 47.8784
44.3996 44.4089
1.76582 1.83581
80.7353 80.7497
0.884906 0.894186
10.1929 10.2041
53.6361 53.6541
7.2925 7.30294
7.12724 7.14474
31.6634 31.6733
79.4036 79.4198
14.8068 14.8163
93.6078 93.6233
10.2846 10.2946
13.4983 13.5028
3.91967 3.93824
53.5936 53.6036
28.8383 28.8494
46.7963 46.8007
65.2108 65.2306
73.5759 73.5904
5.78538 5.79516
48.9077 49.0521
21.2872 21.3021
79.1955 79.2113
58.7266 58.7366
1.19906 1.21785
13.3132 13.3178
48.4718 48.4811
19.2526 19.2616
99.7915 99.8259
21.8401 21.8566
22.7047 22.7208
48.5758 48.5933
12.7309 12.7497
98.5661 98.582
61.4575 61.4662
96.2483 96.2574
1.7833 1.7878
32.7849 32.7949
54.8222 54.8316
60.698 60.7027
24.7659 24.7749
1.74917 1.76406
54.7107 54.7303
59.1277 59.1473
63.3755 63.3801
5 5.01452
71.8635 71.8737
7.76801 7.77722
6.97883 6.99756
35.6135 35.6292
19.2907 19.3004
63.6704 63.6803
0.99775 1.00747
1.8291 1.839
47.2854 47.2948
13.8115 13.8295
0.240335 0.250052
35.2795 35.2844
50.751 50.7669
25.6944 25.6989
54.5613 54.5658
49.8828 49.9002
26.6359 26.6408
71.9182 71.9227
59.3897 59.3995
23.5517 23.5615
25.1729 25.1776
69.6138 69.6334
38.4122 38.4278
2.70452 2.71574
12.0221 12.032
82.6009 82.6057
60.1937 60.1985
51.3422 51.3466
6.23489 6.24997
2.5925 2.602
26.079 26.0948
1.52699 1.54531
88.3931 88.4107
96.6584 96.6958
18.8124 18.8218
88.1457 88.163
6.17204 6.1868
50.3428 50.3477
3.49205 3.51185
38.1574 38.162
32.9462 32.951
74.7609 74.7951
14.092 14.0969
8.2468 8.26484
60.4768 60.6211
37.7371 37.7562
63.5291 63.534
4.68417 4.70004
92.9476 92.9588
69.1073 69.1122
32.6672 32.6717
68.5492 68.6877
17.8083 17.8175
13.7134 13.7234
9.92282 9.93195
1.87683 1.8964
27.7113 27.7158
3.06862 3.08852
0.957701 0.962201
9.26272 9.28039
16.098 16.1165
46.8835 46.9231
1.10947 1.14908
5.26389 5.28396
6.52433 6.53346
37.8988 37.9087
88.1093 88.1291
36.1132 36.1224
64.8599 64.8664
15.6318 15.6513
0.0970025 0.112823
91.2186 91.2273
34.8111 34.8268
95.0283 95.1075
7.4872 7.50588
24.6602 24.6708
8.23492 8.23938
61.416 61.453
46.8925 46.9078
85.9661 85.975
89.4115 89.421
22.5317 22.5407
88.5324 88.542
80.0819 80.1016
32.4708 32.509
69.3297 69.3344
45.5822 45.6614
17.5528 17.5577
0.122408 0.13912
93.4326 93.4521
9.30555 9.31425
8.14907 8.16002
12.0115 12.0205
90.4 90.4049
75.6364 75.6409
86.42 86.438
2.7936 2.80338
24.8145 24.8236
12.138 12.1757
26.3041 26.3084
65.5065 65.5114
31.5169 31.5214
47.0697 47.0797
12.661 12.6778
22.5576 22.5665
5.75472 5.77276
5.81548 5.83552
2.59514 2.60416
41.746 41.751
2.07123 2.07574
15.8342 15.8439
0.133311 0.148971
2.35164 2.36114
58.8272 58.8357
58.9919 59.0269
5.281 5.3008
87.6131 87.623
90.8957 90.9047
7.6345 7.64546
9.59954 9.60852
54.3145 54.3244
4.26008 4.27676
35.4292 35.4386
85.9106 85.92
0.456648 0.461023
21.0153 21.0198
32.5825 32.5875
71.1949 71.2049
13.8588 13.8744
74.8296 74.8476
21.2096 21.2255
46.5453 46.5601
29.0776 29.0875
6 6.01438
75.0794 75.0969
4.41994 4.4385
20.0141 20.0234
15.1095 15.1886
7.99332 8.00185
8.84218 8.85333
50.6176 50.6536
42.1668 42.1833
63.7444 63.7492
96.501 96.5103
43.1062 43.1213
18.969 18.9899
92.3308 92.335
7.21714 7.22583
35.9482 35.9526
95.1646 95.1696
58.0761 58.0861
63.8722 63.8769
67.266 67.2709
37.754 37.759
27.1916 27.1961
27.4176 27.4329
70.3969 70.4012
80.5102 80.5189
63.2765 63.2862
61.0888 61.093
40.1623 40.1812
32.5761 32.6138
11.7485 11.7535
92.3904 92.3951
8.09372 8.10942
79.2128 79.2286
58.6743 58.6855
51.6409 51.6507
5.18008 5.18446
97.006 97.0416
87.7409 87.7607
36.9474 36.9848
86.0185 86.0343
52.5889 52.6054
24.2664 24.2838
58.4936 58.5023
0.629923 0.634816
75.0895 75.1057
26.4478 26.4523
36.0983 36.1072
52.0854 52.0953
90.0766 90.0914
10.0653 10.0719
25.3241 25.3407
5.19092 5.20034
42.6667 42.6717
65.6734 65.7132
43.6445 43.6494
73.6925 73.7708
68.2481 68.2627
98.4891 98.5089
41.5162 41.5212
3.40063 3.41867
85.2291 85.234
90.0098 90.0494
69.1103 69.1148
61.7551 61.7928
7.9744 7.98116
13.3924 13.4017
19.7657 19.7702
16.8122 16.8225
27.5847 27.5936
13.9268 13.9355
76.0368 76.0566
47.9382 48.0887
88.7874 88.7918
93.9377 93.9423
38.8564 38.8608
24.8944 24.9104
12.5676 12.5722
2.62423 2.63414
12.5702 12.5885
61.4562 61.471
77.585 77.5897
0.579701 0.59523
9.38912 9.40716
95.7534 95.7727
0.648143 0.66795
10.8575 10.8672
75.3816 75.3863
90.5407 90.5452
63.7694 63.7846
70.6743 70.6792
9.11701 9.1268
17.1029 17.1227
73.5035 73.5133
46.4281 46.4377
91.7603 91.7647
41.3624 41.3669
0.49356 0.502904
33.6124 33.6474
17.9827 17.9989
30.9235 30.9283
60.2264 60.2313
0.679609 0.694643
4.13693 4.157
69.0934 69.098
33.7893 33.8253
16.2646 16.2693
26.507 26.5116
29.7669 29.782
6.19681 6.20126
24.245 24.2496
23.2371 23.2457
11.2868 11.2917
9.24171 9.25996
79.4122 79.4221
54.9991 55.0078
1.94347 1.95249
14.1967 14.2168
3.10783 3.11634
57.3266 57.3312
29.3617 29.371
32.1791 32.1885
9.13618 9.28466
97.2689 97.2782
38.8 38.8175
23.0047 23.0394
47.2534 47.2583
8.51858 8.52293
3.69196 3.70124
94.0606 94.0692
2.10034 2.11556
5.38632 5.40588
0.0566463 0.0733585
82.0154 82.0306
16.0999 16.1199
17.5755 17.58
18.3072 18.3171
19.6033 19.6181
78.7645 78.7743
46.4132 46.4289
53.3781 53.3831
73.7726 73.7916
27.6428 27.6528
68.5788 68.7293
24.5009 24.5102
15.9943 16.0033
10.3418 10.353
62.1567 62.1613
99.5505 99.5552
1.28886 1.30636
35.2993 35.3038
46.9053 46.9102
75.6604 75.6647
43.0201 43.0353
4.12036 4.13137
28.8632 28.8677
75.318 75.3273
20.206 20.2105
86.6735 86.6783
0.38791 0.404218
0.582116 0.597828
10.1093 10.1192
21.8247 21.8334
75.2499 75.259
45.8674 45.8723
20.3608 20.3807
10.4927 10.5626
80.2135 80.2223
15.303 15.3426
77.9421 77.9494
47.0146 47.0191
39.8993 39.909
33.0315 33.0482
14.7104 14.7252
48.6201 48.6305
56.9909 57.0057
96.2142 96.2188
4.05296 4.06818
0.53141 0.548122
26.402 26.4095
64.1884 64.2064
78.5117 78.521
94.229 94.2681
37.3126 37.3171
4.98395 5.00352
96.9148 96.9192
66.6768 66.6811
28.9755 28.9842
74.3655 74.3843
90.7018 90.7162
18.7882 18.8041
57.0536 57.0579
69.1317 69.2717
5.3509 5.36833
55.6531 55.6642
29.3153 29.3493
12.4833 12.5
25.8052 25.8142
29.0372 29.056
71.0491 71.064
75.755 75.7897
27.8057 27.8104
61.3333 61.3378
9.05798 9.06922
56.1303 56.1353
62.4939 62.5036
11.3616 11.371
14.2358 14.2514
99.1848 99.1893
44.6127 44.6226
66.8047 66.8137
26.8541 26.8693
53.611 53.6201
2.13623 2.15516
12.2012 12.2124
9.79371 9.81138
26.9678 26.9728
88.9804 88.9985
75.0579 75.0966
63.299 63.3176
1.10448 1.10904
16.2774 16.2962
46.8672 46.8853
33.377 33.3935
3.12379 3.14372
80.3366 80.3517
88.1353 88.144
40.8636 40.8686
22.2929 22.3127
72.3307 72.3357
2.21068 2.21989
96.9374 96.9419
78.5097 78.521
93.3795 93.3975
66.1994 66.2145
73.3605 73.365
49.2856 49.3014
3.81054 3.81922
0.678367 0.695538
6.81742 6.82195
17.4138 17.4303
84.22 84.2246
15.0936 15.1088
74.4127 74.4174
70.9746 70.9836
5.65117 5.66974
12.0024 12.0209
85.1762 85.1918
72.9571 72.9682
19.2989 19.3038
59.138 59.1479
2.7426 2.75162
70.1424 70.1468
46.6771 46.6821
92.1403 92.1601
49.0025 49.0725
55.2068 55.2156
85.6834 85.6878
19.3556 19.36
97.1635 97.2003
47.2218 47.2266
63.752 63.7709
1.58756 1.60537
48.6455 48.6608
95.3984 95.4182
55.5631 55.5826
2.80604 2.81583
2.45295 2.47165
75.3315 75.3402
70.1808 70.1967
77.0471 77.0627
66.4273 66.4317
57.5754 57.5911
80.7672 80.7717
30.0889 30.1072
0.382572 0.398989
68.6203 68.6355
48.7017 48.7062
50.2697 50.2895
90.5137 90.5301
30.4645 30.469
12.7918 12.8022
64.3935 64.5378
0.487989 0.492251
95.0964 95.1324
97.6354 97.6521
4.62586 4.64593
40.9462 40.9658
46.3969 46.4019
7.07715 7.09695
6.71617 6.73551
1.43814 1.45336
92.2213 92.2263
10.122 10.1418
1.52206 1.53108
11.3473 11.3671
28.4123 28.4321
86.0645 86.0793
25.8103 25.8301
79.024 79.0397
0.0608937 0.0776059
79.9628 79.9724
44.0396 44.0563
72.4064 72.4109
82.9623 82.9668
26.1272 26.142
33.4501 33.4594
85.2431 85.252
48.1001 48.1049
13.3774 13.3868
8.43242 8.45074
54.7258 54.7306
55.9957 56.0056
24.7022 24.7117
23.9964 24.0075
8.73868 8.75851
58.4563 58.4657
71.4557 71.5957
1.26495 1.28144
37.0612 37.0661
59.6247 59.6428
26.8968 26.9364
12.101 12.1095
93.9834 93.9992
8.4395 8.44853
69.9098 69.9183
63.8946 63.8992
17.0728 17.0826
91.2733 91.2931
69.3532 69.3893
18.6407 18.6451
76.2941 76.3641
1.38914 1.39978
23.101 23.117
48.869 48.8738
11.1955 11.2
1.82451 1.83353
5.80923 5.82727
27.4036 27.4079
37.806 37.8171
0.723796 0.728755
3.69772 3.7027
3.65751 3.67401
18.2908 18.3103
46.0749 46.0799
12.8163 12.8212
54.1394 54.1561
84.6579 84.6676
73.0304 73.0346
61.2052 61.2214
75.5161 75.536
21.1299 21.1404
41.9438 41.9486
9.05627 9.0737
86.812 86.8287
63.1616 63.1987
8.43594 8.44446
16.0466 16.0516
14.9954 15.0022
35.3734 35.3782
53.0329 53.1071
31.5609 31.5702
81.5391 81.5762
81.2041 81.2209
47.9697 48.0093
57.7279 57.7464
68.7796 68.7884
15.6759 15.6808
77.0017 77.0413
44.1668 44.1716
25.643 25.6617
15.3505 15.3552
39.6119 39.6169
98.5995 98.6039
16.0497 16.0609
45.2188 45.2237
64.177 64.1868
2.797 2.81642
35.9246 35.9341
66.5651 66.5741
0.33074 0.3464
19.0852 19.1049
72.6113 72.6159
35.7168 35.7366
8.5982 8.60722
18.4923 18.5106
6.02297 6.02768
24.2558 24.2958
3.24151 3.25053
0.571967 0.58868
45.6957 45.7003
0.311391 0.389647
2.26207 2.26693
3.61272 3.61761
37.5853 37.5952
50.8895 50.8939
11.1687 11.1777
53.5271 53.5345
50.3093 50.3137
56.1184 56.1343
52.957 52.9714
94.0604 94.0751
60.5778 60.593
41.641 41.6456
20.2867 20.2952
4.99068 5.00935
79.5386 79.5435
78.3255 78.3348
76.6521 76.6567
70.0247 70.0346
0.0372855 0.0519703
53.8814 53.8859
57.1639 57.1995
69.4715 69.488
76.0464 76.0509
7.38276 7.42257
2.1779 2.19569
47.535 47.5548
84.321 84.3408
1.24903 1.25844
82.4584 82.4633
19.0213 19.0374
59.1644 59.184
24.5902 24.5949
44.922 44.9377
30.7758 30.7852
65.9631 65.9695
81.9085 81.9131
0.445092 0.460968
16.816 16.8209
15.6477 15.6629
55.0631 55.0829
2.63186 2.65411
18.0877 18.0987
80.3832 80.3933
4.49604 4.51584
28.7382 28.7486
98.3703 98.3748
27.2419 27.2516
67.3307 67.3356
26.246 26.251
66.9567 66.9654
3.8165 3.833
0.479579 0.488523
27.4277 27.4475
92.9759 92.9807
0.552562 0.561914
38.6922 38.7009
98.2314 98.2363
1.16178 1.1705
42.6415 42.6464
46.8611 46.8708
93.9197 93.9295
31.3066 31.3427
70.3772 70.394
86.0307 86.0459
3.25776 3.26675
42.8193 42.8293
84.3883 84.3981
6.70614 6.72614
76.9588 76.9632
12.0074 12.0164
0.344161 0.360873
52.0067 52.0116
75.711 75.7208
1.62054 1.62504
38.793 38.802
42.1739 42.2531
42.6564 42.6609
0.793636 0.808278
23.7638 23.7821
18.2637 18.2783
1.86485 1.88047
5.11925 5.13906
1.81226 1.82993
7.02354 7.0431
99.3909 99.4066
13.2675 13.2739
19.4164 19.4362
12.4517 12.4664
2.59497 2.60494
1.52425 1.54268
10.4977 10.5064
1.16157 1.16646
72.0504 72.0593
32.6765 32.7115
18.3739 18.3919
6.15093 6.16081
78.9182 78.9274
60.4858 60.5056
46.8932 46.9119
17.9197 17.9244
51.285 51.3226
31.6154 31.6253
62.6594 62.6693
25.8625 25.8669
67.7305 67.7395
25.3792 25.3943
18.5227 18.5419
62.8874 62.9073
58.5927 58.6027
5.0906 5.10863
1.10877 1.1131
41.6519 41.6566
88.7008 88.7055
0.765515 0.775376
1.14255 1.15972
49.2615 49.2772
3.40549 3.4253
17.0988 17.1033
11.8545 11.8916
2.80125 2.81796
28.3333 28.3498
75.3106 75.3156
3.52398 3.53267
26.4335 26.4381
97.2168 97.2217
84.956 84.9743
0.946902 0.951736
53.8382 53.847
90.0041 90.0085
43.5233 43.542
6.8615 6.86605
96.8323 96.8503
88.1969 88.206
76.1815 76.199
63.2569 63.2662
72.8815 72.8908
69.869 69.8783
7.12269 7.12945
2.46114 2.47049
60.8361 60.841
63.2425 63.2601
11.8951 11.9103
71.9861 71.9949
1.0605 1.07035
38.1021 38.1066
89.9546 89.9651
38.654 38.6641
46.4723 46.4768
1.02584 1.03584
88.505 88.6534
1.53232 1.54139
9.65848 9.67651
75.1492 75.1679
13.4539 13.4643
34.189 34.2065
2.61095 2.61559
91.8209 91.8309
55.5575 55.5624
35.0578 35.0763
5.9836 6.00304
43.3519 43.3587
36.6626 36.7368
33.509 33.5184
55.5745 55.5789
0.624563 0.644127
26.4809 26.4852
15.1358 15.1456
10.5159 10.5324
7.61445 7.63248
43.1704 43.186
12.2189 12.2283
18.9776 18.9876
48.0201 48.0247
86.2859 86.2905
4.42883 4.43785
1.29771 1.31358
12.9402 12.95
40.9692 40.9876
60.587 60.6058
49.1007 49.1174
74.1621 74.1668
4.45153 4.45587
3.33896 3.35752
63.8688 63.8788
31.9803 31.9848
69.209 69.2137
6.12834 6.14638
83.6299 83.6676
52.0788 52.0836
53.478 53.4867
44.3731 44.447
57.411 57.4208
17.2652 17.2701
29.7311 29.7355
58.0727 58.0883
2.03916 2.05544
83.5362 83.5744
58.3518 58.3566
2.5674 2.58717
8.28872 8.29369
7.86096 7.879
1.1583 1.17776
17.3008 17.3172
0.920435 0.924854
3.47955 3.49875
3.07812 3.09792
42.0876 42.0926
1.62339 1.63915
1.48611 1.49584
53.8989 53.9742
3.57273 3.59023
11.3204 11.3251
7.37377 7.38016
57.3136 57.318
0.907177 0.912068
1.601 1.6189
28.011 28.0299
28.683 28.7551
1.16004 1.16976
14.9489 14.9637
6.79014 6.80892
14.8958 14.9103
35.5677 35.5858
48.9506 48.9681
34.0227 34.041
77.0204 77.0305
2.114 2.12313
74.0768 74.0927
23.1211 23.1609
82.6196 82.6286
4.90182 4.91986
5.81516 5.8332
14.6101 14.6492
13.2027 13.2073
71.0767 71.0963
1.4777 1.49654
15.4645 15.4813
45.4689 45.4869
34.6061 34.6252
1.55033 1.55483
70.0661 70.0755
46.268 46.2728
82.2849 82.3007
0.179615 0.194623
94.6755 94.7528
30.8059 30.8158
7.8575 7.87746
21.0478 21.0647
75.9767 75.9866
2.03461 2.04167
67.1712 67.1799
20.5557 20.5607
86.1312 86.1355
3.12114 3.13757
61.4361 61.4734
31.29 31.2944
80.0994 80.1151
95.129 95.1438
4.7236 4.7411
91.7055 91.7165
25.6705 25.827
4.23336 4.24804
79.59 79.5943
73.3161 73.3257
20.5986 20.6034
6.42807 6.43262
68.7447 68.7491
3.02367 3.04247
18.7919 18.8076
88.817 88.8255
63.4269 63.4431
23.391 23.3954
57.2024 57.2111
91.4389 91.4749
89.0658 89.0825
14.7202 14.7249
61.3317 61.3503
97.0356 97.1941
14.5141 14.5528
82.9311 82.9401
12.0508 12.125
11.7616 11.7807
73.0812 73.2291
7.71489 7.7234
83.9293 83.934
19.0645 19.0803
4.61704 4.62168
4.26759 4.27749
68.291 68.3303
40.5268 40.5657
97.1048 97.1207
65.4567 65.4939
28.455 28.4911
37.4128 37.4217
15.4954 15.5
5.16183 5.18076
8.05069 8.06937
27.6556 27.7341
5.15709 5.17513
16.1455 16.1653
16.5299 16.569
10.0583 10.0632
13.7084 13.7232
98.0122 98.0171
45.3519 45.3565
75.5133 75.5182
6.89898 6.90798
1.83586 1.84551
88.0171 88.0217
79.6177 79.6271
61.8473 61.8563
72.176 72.1849
11.3333 11.3434
23.96 23.9712
7.95205 7.95694
13.8027 13.8411
44.9563 44.9762
2.24843 2.26613
74.4201 74.4294
70.1941 70.1991
57.1124 57.1172
11.0533 11.0644
52.9203 52.936
41.5158 41.5201
89.149 89.1589
9.79907 9.80809
23.5206 23.5361
0.444332 0.460208
84.7425 84.7582
1.44731 1.46382
18.5542 18.5723
47.2653 47.2818
17.6755 17.6896
93.9289 93.9335
21.4997 21.5087
14.1151 14.125
45.5793 45.5883
19.1243 19.1317
74.048 74.0574
34.8357 34.8545
48.0687 48.0737
4.47772 4.49612
61.6495 61.6653
86.2227 86.2274
38.3418 38.3507
97.0082 97.0132
66.0913 66.1078
33.3479 33.4922
69.8219 69.8269
88.2596 88.2748
26.5068 26.5463
7.69701 7.71562
31.5627 31.5825
13.782 13.8018
35.7275 35.7369
14.7721 14.7849
55.9237 56.0786
50.6204 50.6305
12.9709 12.9754
24.7142 24.724
53.6044 53.6412
4.52432 4.54137
1.39213 1.41084
4.1463 4.16177
57.2477 57.2838
55.2284 55.2331
29.9142 29.9188
43.4857 43.5622
16.1954 16.2138
14.8272 14.8375
38.5519 38.624
81.1231 81.1343
17.8078 17.8179
1.17129 1.18036
19.8448 19.86
64.5237 64.5335
90.3177 90.3344
2.13126 2.15107
2.16066 2.16968
40.9144 40.9249
15.7061 15.7106
61.3524 61.368
31.8772 31.8863
17.3272 17.3315
39.7245 39.7335
92.2159 92.2306
0.906581 0.911183
60.4194 60.4288
66.3163 66.3351
16.4252 16.4363
17.9877 18.0075
55.0186 55.0334
80.4365 80.4462
30.0661 30.0705
40.9408 40.9758
0.623775 0.654835
60.1087 60.1184
15.5347 15.5446
19.8199 19.8242
20.3091 20.3178
1.07112 1.08554
20.7242 20.7343
79.0535 79.0687
0.573663 0.584623
25.0334 25.0491
39.9649 40.0021
15.8809 15.8961
55.4248 55.4358
28.5015 28.5108
11.8475 11.8633
93.3169 93.3326
44.3268 44.3416
23.3124 23.3319
1.26958 1.30871
12.1116 12.127
79.9896 79.9987
41.3134 41.3299
71.4062 71.4111
7.41442 7.43093
90.7178 90.7359
2.94597 2.95504
47.8295 47.8338
96.4372 96.4537
17.7189 17.7385
83.5615 83.581
51.9161 51.9903
80.276 80.2861
9.56031 9.59992
2.54114 2.55897
44.1608 44.1791
51.8716 51.8868
43.125 43.1294
98.4233 98.428
88.6297 88.6389
19.066 19.0812
21.0046 21.009
19.2329 19.2373
16.1809 16.1985
52.9602 52.9651
56.1137 56.1317
2.51508 2.53321
62.4989 62.5034
31.4289 31.4336
10.1325 10.1472
96.1352 96.2837
92.1504 92.1698
92.4706 92.4752
31.5795 31.5969
42.9246 42.9442
41.0767 41.0857
57.2176 57.2324
77.2474 77.2565
39.4976 39.5075
0.402801 0.418677
59.2659 59.2703
63.8975 63.9173
82.2067 82.2178
33.4575 33.4732
24.788 24.8066
0.0304377 0.0452022
0.886361 0.906168
84.8451 84.8545
92.3799 92.3954
35.7986 35.8075
43.8399 43.8493
91.5752 91.7337
3.68419 3.69321
60.2624 60.2716
9.78256 9.82245
44.4707 44.5499
22.3458 22.3508
95.9741 95.9918
3.2194 3.23591
63.9086 63.9173
21.6487 21.6581
99.1615 99.1662
0.534632 0.539336
28.1857 28.1956
31.5207 31.5254
89.9665 89.9713
50.4425 50.46
73.3967 73.4011
14.7952 14.8163
1.79918 1.80908
12.1688 12.3253
91.1404 91.1602
65.4794 65.4955
5.4264 5.44437
98.0773 98.0858
24.15 24.1688
78.254 78.2936
23.3993 23.4088
21.6051 21.6101
67.9317 67.9474
15.6853 15.6902
59.5413 59.5512
0.835137 0.839448
28.5256 28.5356
10.4698 10.4792
54.9664 54.9763
49.0497 49.0591
2.43064 2.4463
63.5296 63.5342
75.4341 75.4439
33.5376 33.5421
71.1965 71.2153
47.1971 47.2061
48.4074 48.4121
14.0984 14.1732
32.7109 32.7207
4.39427 4.41193
33.0696 33.0894
66.1657 66.1846
32.5909 32.6008
68.3128 68.3312
