11.3634 11.547
61.1404 61.3591
12.4063 13.3597
91.5868 91.9856
59.117 59.2411
12.9114 16.3352
15.2346 16.421
80.7867 81.1478
73.056 75.7009
51.949 53.5555
18.9026 19.5436
99.1021 99.2028
14.1449 14.3074
85 85.9713
18.6442 18.679
48.8171 48.9581
32.2324 32.9812
58.6901 60.2312
19.4968 20.2977
18.3829 20.0064
63.3219 64.0935
74.9374 75.9772
3.85351 5.26006
47.0895 47.6035
37.1141 37.4517
23.0039 23.1542
19.6661 20.2668
83.738 83.8389
6.85667 6.94777
35.6088 35.8445
14.9592 15.3536
83.1252 84.3911
98.0424 98.2433
23 23.5183
81.4565 82.3192
66.9677 68.1689
7.80236 9.68748
2.33211 3.03878
76.3202 77.0788
65.714 65.9524
78.7973 80.1596
50.0526 51.7278
19.9366 20.6486
52 52.4038
75 76.2891
69.4221 70.098
40.5522 40.9734
7.52961 7.7977
7.34501 7.47065
59.8135 61.0467
97.204 97.433
40.1255 40.7595
34.4226 34.671
1.57584 1.81659
97.2072 97.8671
96.2952 97.1792
29.7325 30.2777
19.5251 19.8334
36.4341 36.931
79.0839 79.5987
0 1.22423
35.186 36.7185
89.2744 89.3372
56.9376 57.0886
89.3706 89.4422
13.8748 14.2382
77.3125 77.6401
4.19472 4.8366
58.1509 58.5561
57.3038 58.0293
69.2849 69.7385
18.1437 19.4355
66.3679 67.0893
84.8849 85.0311
8.73572 8.79248
68.2481 68.5079
39.9226 39.9942
3.92436 4.1328
86.2436 87.088
54.5886 56.3193
69.0364 69.66
88.0539 90.6608
54.8549 55.0773
36.4104 37.3794
78.9746 80.2571
40.0188 40.6018
67 67.1348
0 0.514446
76.4172 76.8906
87.4687 87.5171
37.3925 37.7925
99.1716 99.32
70.5992 71.0427
45.735 52.8954
21.1392 21.4753
3.35465 3.4726
2.11959 3.40073
61.6676 61.9606
65.2301 66.4101
41.2936 41.5216
61.1859 61.4189
54.0219 54.3818
35.5275 36.8501
11.616 11.6678
97.4446 97.5524
67.61 68.836
74.2529 74.5503
40.351 42.1501
38.3622 41.9288
38.16 38.2774
31.6721 32.3386
57.8373 58.7962
18.4434 18.5998
50 50.1291
4.68315 5.38539
18.3277 18.6069
51.6539 54.4885
33.681 34
2.66151 2.84276
54.0933 54.6856
3.05462 3.11873
36.3245 36.6817
12.3031 13.5505
78.4292 78.7878
51.8298 52.027
19.8674 20.1275
10.7569 10.9337
45.4367 46.5615
0.360487 0.395354
94.1956 94.2983
36.6489 37.5324
30.9476 31.3556
20.7806 21.2356
61.2297 61.6692
18.3544 20.8513
85.9994 87.5208
63.2708 63.4272
97.4711 97.7853
12.2467 12.5944
81.6014 82.9239
31.3382 31.6039
73.6831 74.1394
14.2406 14.4287
80.5614 80.8862
22.5962 22.8008
1 2.02155
79.6161 80.2164
33.2309 34.8345
64.6372 65.5212
37.9121 38.1407
46.3944 46.8081
0 0.304955
91.1226 92.1085
15.5817 15.7915
19.6885 20.0164
69.2131 70.7649
80.7763 81.3266
11.7651 11.8936
50.1887 51.0015
20.3126 20.3977
12.3493 12.7235
60.3938 60.5819
89.4029 89.5155
21.0584 23.6966
0.879104 1.10662
95.7708 95.8629
31.1243 31.4203
57.3236 57.4822
19.1955 19.5579
17.0731 17.4136
76.3986 78.8957
5.41236 5.51162
28.4556 29.1364
6.79963 7.38107
69.2321 69.4675
29.5768 30.13
6.02868 6.20255
8.42978 9.08621
9.52424 10.0927
31.2782 31.3738
50.8273 51.5881
27.6754 28.4104
62.5889 63.379
57.8077 58.0312
99.2919 99.9055
79.712 80.4139
30.2276 30.6036
7.97695 12.3477
20.6777 21.222
26.0839 26.1866
85.5543 85.871
38.2704 38.4943
34.3104 34.5274
80.5809 82.3442
1.93202 3.15674
77.786 78.1472
98.9228 99.2527
6.00009 6.44731
96.4537 96.6184
43.5642 43.691
90.74 91.4341
28.1122 28.4563
38.9365 39.1991
2.19831 2.42301
96 96.1713
68.3807 68.4967
94.5404 94.6258
68.4099 68.5305
55.752 56.4591
51.1671 51.1832
33.3743 33.4047
9.2905 9.80156
5.36973 5.54093
62.9074 63.3319
51.7271 51.8877
90.2205 90.2718
9.28891 9.47546
35.3692 36.33
10.5873 11.0829
42.9175 43.5414
29.99 30.2622
76.4663 76.8404
46.5658 46.7372
80.6379 82.3944
76.9768 78.6643
89.451 91.4876
94.8481 95.0855
63.9312 64.6528
59.3769 59.9942
70.9126 71.0687
35.9092 36.3994
45.807 48.3411
3.07264 3.20805
86 87.3198
34.4658 34.6573
14.7095 14.8799
18.3246 18.5201
77.3055 77.6312
33.7165 34.8833
62.8278 62.9789
9.45542 9.69708
26.193 30.6313
18.2955 18.7929
0.8712 1.04009
21.4147 22.2334
91 91.687
58.0311 58.1833
28.2278 28.3457
46.5494 46.9695
55.9858 56.9571
38.6156 38.6835
39.8592 40.3824
5.94508 7.08157
0 0.412752
46.5136 46.8498
95.7794 96.9975
38.8188 38.9956
60.7719 60.9172
95.4504 95.6288
17.8203 18.1883
31.9446 33.7169
53 55.9024
9.22462 9.59335
88.889 89.1262
58.514 58.8667
94.7791 95.0794
95.8389 96.0817
89.3554 89.5908
42.0923 42.4065
89.6069 93.3542
72.5128 73.273
12.8011 13.1032
3.82329 4.48457
67.2922 67.5669
3.73149 4.62613
7.9191 10.1294
42.5423 43.5443
12.9341 13.549
49.1957 79.0945
70.6812 70.9588
82.9377 84.3275
39.3929 39.5061
65.9461 66.2069
98.2597 98.5203
74.4611 75.1164
13.7314 14.33
68.4621 68.8713
98.658 99.0066
77.2056 78.8982
70.9613 71.1486
81.7626 82.9259
81.575 83.2883
49.3769 52.2066
14.1563 14.9268
18.916 19.3406
13.6352 14.9539
96.9958 97.2235
18.3393 19.4318
17.6768 17.7347
32.753 33.7986
15.5245 15.704
34.8876 35.0155
79.5431 82.1506
98.5073 99.9986
43.9059 44.1414
63.6621 63.7337
29.639 30.6411
83.711 85.8092
2.42429 2.95886
39.2879 39.6611
73.8173 74.1921
82.5431 83.1609
1.67508 1.9679
82.4316 82.9285
43.5556 44.1854
8.88955 13.1086
79.5909 80.905
41.9008 42.6357
59.7078 60.6309
19.6107 20.0917
5.22969 5.58684
39.9742 39.9983
16.6451 16.733
84.31 85.7767
8.63407 8.95413
98.6891 98.8874
4.13676 4.43421
44.624 44.6912
10.7248 11.4231
75.3469 77.1624
78.6895 82.0157
62.9283 63.4179
33.3382 33.5559
44.9584 45.2515
89.9665 92.0769
0.326591 1.08372
41.2762 41.676
12.2785 12.902
70.4191 71.2375
89.4629 89.5675
10.7011 11.0192
33.5221 33.6705
54.4257 55.2251
0.183953 0.314653
12.2266 13.8107
92.3632 92.935
64.5437 66.2314
30.7125 31.0987
52.9395 53.0874
10.3289 10.5189
2.43001 3.14914
28.8691 29.0703
78.5867 78.9629
98.6382 99.169
47.0934 47.3031
14.3729 14.4666
66.8983 67.0605
80.7391 82.9227
22.6899 22.794
3.68705 4.42757
15.1343 15.1731
4.116 4.57586
30.5587 31.0913
17.0652 17.2757
94.6524 94.8787
48.4467 48.7115
23.0023 23.2561
29.661 29.9833
90.7176 92.4219
5.72301 7.73392
11.5482 11.8093
8.79623 9.58293
54.0245 54.1862
4.97643 5.32122
87.0406 87.5398
33.7627 33.8892
4.44916 4.63363
76.2482 76.4185
81.9353 82.209
82.0913 83.3805
79.087 79.3293
15.3535 17.0069
71 71.2769
12.4684 12.6244
4.63316 4.82742
77.1724 77.6188
34.2554 34.4461
32.6685 33.0789
33.4598 34.3301
50.0076 50.605
8.86211 9.0093
50.9634 51.2724
63.6689 63.9389
52.8128 53.5045
94.7804 95.9896
44.6713 45.622
86.5227 86.8773
68.5221 71.147
90.6633 91.2498
14.8633 16.0258
36.0728 36.3617
77.7935 78.2362
33.7411 35.8816
51.0996 51.3933
71.7104 72.0676
75.7659 79.6364
32.9778 33.5145
20.9907 21.7816
90.1502 90.8068
25.301 25.8622
48.7819 49.0095
47.4364 47.9045
0.95906 3.94318
72.0292 72.3335
44.7959 45.411
19.4289 21.7367
83.6682 83.8079
88.0439 88.0909
63.9062 64.1592
29.7414 30.0505
80.44 80.8027
45.5122 46.2416
80.6251 80.9449
18.5964 19.0022
14.959 16.2612
82.3829 84.6782
33.7007 34.7513
85.4835 86.0948
64.8528 64.9707
83.5219 83.8972
5.58163 9.67022
36.2412 37.0745
90.6504 90.7144
81.7494 81.7826
60.2161 61.1359
80.1281 80.7429
18.9781 19.4492
1.9536 4.36592
28.0353 28.0979
40.3377 40.6046
57.9747 58.1976
27.8041 30.9743
78.9357 79.3219
62.4309 63.4808
93.8946 96.5021
39.4736 43.2694
60.3952 60.9143
21.0022 21.2779
54.3069 55.5418
5.71458 5.74202
68.1008 68.901
85.3162 85.4835
69.1673 69.5052
75.378 75.5799
27.0611 27.1498
45.2671 45.4168
92.7414 93.0319
13.7565 14.0843
1.3772 1.93079
3.0314 3.63183
47.3998 47.4921
92.2469 92.2985
35.9548 36.1941
24.3994 25.0406
73.63 74.6318
24.5342 24.9521
71.5273 71.6022
38.7621 39.0815
12.6432 13.0008
95.5486 97.2386
3.00277 3.06326
74.6777 74.9512
69.9643 70.2214
81.9286 82.3449
60.0163 62.2337
7.88567 8.05262
25.8868 26.2227
20.6587 20.8466
70.3514 70.5621
59.1175 60.7185
53.9087 54.1342
81.162 81.7203
87.5227 87.8557
34.4733 34.5727
73.7526 73.9603
96.0075 98.436
8.74077 8.88306
96.6024 97.5358
24.0429 24.8633
67.8359 68.3598
69.712 69.8251
7.65199 7.84581
60.7399 61.3777
97.6699 97.8906
3.01445 3.18914
19.0578 22.0453
21.1188 21.2685
38 38.0991
91.0034 91.5133
39.1156 39.5857
40.9133 42.2093
64.1119 64.2474
29.2298 31.1327
45.1183 45.2319
3.25367 3.53877
87.542 87.6489
58.7956 58.9133
26.6671 28.4505
3.45154 5.91085
6.91657 7.03107
79.5941 80.2005
38.0224 39.0602
0.628527 0.860168
59.4186 59.606
14.6591 15.5872
7.58933 8.32482
10.5619 10.7631
49.6544 49.7505
49.1677 49.3746
40.6345 40.7387
10.1357 12.6529
24.1707 24.4428
17.0819 17.2465
11.1231 11.3465
18.8676 19.306
67.559 67.9556
9.63798 10.0945
67.578 68.4503
81.736 82.3676
20.6316 22.3362
41.7857 41.8418
95.1661 95.4802
90.4702 90.9686
64.1059 64.3294
5.29352 5.63831
42.7177 43.1713
46.919 48.6566
44.7547 44.9929
71.7324 72.3906
38.9137 39.6487
27.2022 27.3366
71.9097 72.1395
3.59613 5.34783
10.5272 11.1154
25.6623 26.2971
41.0886 41.2867
32.5358 32.655
45.0111 46.4213
88.9472 89.2598
50.548 50.775
49.4439 49.6827
11.4734 11.5879
13 14.8647
87.2524 87.7059
0 0.705031
18.3708 18.5978
14.1317 14.4756
18.5641 18.6633
62.7412 63.4951
22.3386 22.9325
20.6868 20.839
47.6064 48.7215
95.7826 96.4656
85.2864 86.3666
2.81521 3.28513
97.7096 97.8284
89.4233 90.3527
62 62.8563
61.7789 62.2214
78.8605 79.0072
50.451 50.5404
79.1429 80.0565
16.2003 17.4487
29.6564 30.2982
43.0585 43.52
87.3436 87.467
57 57.9719
46.5273 47.1364
48.5666 48.6918
97.6864 97.9966
89.9242 91.2939
23.7797 23.8744
72.0659 72.3214
84.1982 84.7777
51.5963 52.6794
67.0659 67.473
18.0315 18.0463
57.8407 59.0632
12.1294 12.2726
21.2366 23.7877
98.6054 98.8324
5.49079 6.3995
93.2895 94.7832
39.3666 43.1049
75.3023 76.0424
2.23863 2.98629
61.4467 61.546
66.1498 66.9588
5.99576 6.58266
35.5259 36.4548
6.37678 7.6216
39.2253 39.3939
65.235 65.7862
88.1697 88.6407
37.437 41.8685
45.8226 45.8932
70.2351 71.4019
88.2319 88.3325
63.282 64.4629
1.37806 1.95431
7.14536 8.72887
23.8675 24.1172
1.72421 2.45772
32.0767 32.854
36.8306 36.9616
1.39075 2.66938
31.1079 31.7214
7.27193 8.43941
96.69 97.4334
9.23489 9.49802
27.0141 28.68
36.1299 36.8631
4.26705 4.54997
96.1074 96.7005
34.8336 35.134
35.0566 35.8479
59.3158 60.2859
20.548 20.9772
94.0454 95.8038
74.6647 75.028
71.3864 72.0093
67.7355 68.5712
63.2367 65.0648
32.7905 33.857
67.2712 67.6804
63.3756 63.4974
26.2974 27.1903
50.976 51.1296
74.0543 74.1933
3.92266 6.74278
65.3953 66.4832
8.94874 9.76362
0 0.313449
77.1249 77.3904
47.7476 47.7866
26.6287 26.9428
82.9263 83.569
29.0992 29.4186
4.7742 6.29631
64.2073 65.2434
82.7284 83.6394
7.57549 8.11541
51.0206 51.1672
36.6032 36.6916
60.6412 61.2745
82.9285 83.1582
32.7125 32.8924
41.5307 42.2192
3.91219 4.17585
25.3436 26.5322
52.5086 52.6752
31.5316 32.1832
23.3455 23.6136
12.9326 13.2017
69.3775 69.5676
44.4713 46.4937
79.4528 79.7176
76.302 76.4289
5.34424 5.48966
2.94021 4.72922
77.5507 78.63
48.5851 51.1079
2.86373 3.12745
14.8016 15.0356
66.2244 66.2718
60.333 62.7109
85.4689 86.1514
61.9467 62.2843
72.6791 77.6564
31.7657 31.851
61.8738 62.3731
6.98748 8.30279
27.9992 28.1236
76.6378 78.3734
34.7537 35.0998
42.2495 44.3575
96.1373 96.8776
95.0178 95.3393
27.3864 32.3217
58.0194 58.3111
2.46176 3.07585
91.4421 91.6224
37.4232 38.3772
46.9349 47.2156
33.4865 33.787
5.14051 6.35853
7.05599 7.4082
1.12995 1.57496
81.0227 82.6075
6.59636 7.41498
81.2401 81.8876
40.847 41.0756
67.2634 67.4384
15.1023 16.9692
45.528 47.9888
17.3996 17.5604
4.22505 4.46093
62.6133 62.8782
49.9871 51.0174
10.0513 11.8166
47.218 48.3239
38.5506 41.6838
10.0372 10.1488
61.0449 61.7547
76.9627 77.6622
92.2303 93.3239
65.6431 66.0093
32.4072 32.5469
73.6436 74.6352
24.2075 26.854
49.6843 49.7768
9.32272 9.53225
56.17 56.8961
66.9531 67.1537
25.2146 25.5374
41.7333 41.865
79.2865 79.8696
82.3944 83.0907
90.183 90.4965
4.58364 5.17994
27.5602 28.155
46.6856 46.8042
49.793 50.3799
9.32982 10.2031
45.8237 48.3208
61.1928 61.7462
26.0263 27.9599
83.8091 83.9245
57.2949 58.9483
19.0628 19.0777
53.1094 54.3285
65.9879 66.2072
64.2917 65.9817
26.4602 28.8785
92.4515 94.8595
88.2904 89.2004
45.9285 47.6224
47.1721 47.5834
6.52841 6.98428
54.9776 55.4919
37.8969 38.1794
70.6969 71.1352
55.3191 56.7546
88.2873 88.4751
41.0129 41.0687
25.9138 26.1824
8.74012 9.51065
41.424 41.6252
82.3442 82.6056
28.7079 31.4687
30.4033 32.292
67.5374 67.6104
4.81979 5.36396
20.3429 20.6207
22.9255 23.1898
10.472 10.528
92.8252 93.0922
19.4223 19.6101
86.7538 89.1298
79.4225 79.9296
49.9475 53.6167
52.6329 52.9456
49.1301 50.0298
8.71978 9.0219
91.1801 91.3787
92.3776 92.9266
38.5165 38.7923
34.6606 34.7475
25.3199 25.5979
85.7132 86.9587
3.61789 4.38413
74.0282 75.171
82.7035 85.2791
79.0862 80.2502
84.6787 84.9548
37.7812 38.5618
90.9334 93.156
63.9658 64.1229
17.6887 19.3089
11.9469 12.9178
45.8366 46.2847
26.5148 27.1675
27.7419 27.9132
51.1458 51.2364
91.9253 92.0616
40.2055 44.3537
1.69061 1.9375
54.7436 54.9387
52.7675 54.7678
94.8521 95.3018
31.3514 32.7753
51.8621 52.4986
47.0257 48.221
50.5335 51.2889
65.7544 66.1029
69.9286 70.1478
50.6921 51.2195
43.6548 43.8836
72.3991 74.2623
91.8434 91.9761
50.7916 52.1961
72.7065 73.075
19.251 21.0826
42.9019 43.296
37.7118 38.0798
1.6095 1.72956
84.2584 84.2858
0.527775 1.10718
4.14342 4.49946
91.1898 91.4452
52.9863 56.5849
29.1407 29.3484
81.9775 82.4098
48.6923 48.7354
21.4856 21.5399
23.549 26.295
18.9976 19.2256
36.021 39.3089
52.2483 52.4641
78.4419 81.0802
70.8843 71.4499
49.3396 49.5861
40.0639 40.1912
8.23899 8.8857
8.33549 10.6586
0 0.348814
85.9164 86.145
8.37091 22.171
76.145 76.2198
70.2692 70.8992
81.9716 82.2089
72.4549 73.0881
18.9763 19.4678
13.2952 15.2356
1.29381 4.83042
37.2147 37.759
47.658 54.5902
2.78207 3.88284
30.8623 30.9754
21.488 21.6914
0.693206 1.42929
54.6536 54.9988
26.9587 27.7554
82.5506 82.6735
30.471 31.5071
98.0349 98.1987
20.1062 20.2411
34.7001 34.8901
0.73696 1.04329
54.0473 54.1157
5.43442 5.9347
76.3268 76.45
41.0233 41.0805
1.83512 2.51031
22.0879 23.1731
16.0764 16.0922
56.4502 56.5577
10.1819 11.3554
78.9228 80.1327
73.9281 74.294
79.507 81.0913
65.528 65.9138
53.4677 54.5314
10.6533 10.815
38.2405 38.5047
55.2226 55.4816
0.444443 1.2346
40.068 40.7432
39.8967 40.2708
64.6855 66.8646
39.3633 39.4057
86.5124 88.9344
5.94181 5.98277
8.72581 9.132
77.473 78.1626
87.2482 87.886
44.5461 46.5125
83.2656 83.5956
45.2735 47.7706
83.5291 84.4862
59.3781 59.7007
2.65448 2.96163
36.4963 36.5232
50.2069 51.4863
87.6873 87.8914
82.8295 82.8545
50.2639 51.8416
41.8268 42.4189
23.5983 23.8513
84.2675 84.4908
88.9919 89.0634
73.3494 73.5792
36.3371 36.5859
59.3821 60.1469
21.7039 22.17
41.7164 41.9341
1.06917 1.29611
93.0207 93.2376
19.2692 19.7677
91.6762 91.7011
57.6614 58.8653
4.1507 5.58163
31.4592 32.864
9.73591 10.6995
45.2879 45.4022
29.2734 29.9206
23.3279 23.6376
73.6369 74.1267
73.9944 74.1123
26.4903 26.6353
95.0556 95.1967
73.5501 74.3072
97.3788 97.471
32.9323 33.3007
7.83077 8.06003
38.4406 38.7048
48.8681 50.9126
7.03818 7.41439
80.0127 81.0121
75.2171 76.4687
72.7484 73.0395
8.8907 9.09062
86.9257 87.0192
20.2152 20.3128
52.6952 53.3698
62.3156 62.4342
44.3704 44.7083
0 0.286023
25.7668 26.6084
34 34.4866
90.8332 90.8622
52.1319 53.4489
85.131 85.5387
55.6462 56.0209
64.9967 65.2775
11.7154 13.6614
50.849 52.3182
45.0233 45.2929
78.553 79.1544
0 1.3136
6.138 6.42437
37 37.5512
69.1933 69.3642
1.22926 2.30708
19.5092 19.931
40.8328 40.9868
28.5048 28.59
40.7827 49.1367
96.1936 96.219
51.693 52.3397
75.4383 76.0837
2.79978 3.03516
60.6366 60.9992
21.7872 21.8204
24.0396 24.4355
99.002 99.8206
61.4682 62.6267
4.49056 4.61291
69.6384 70.0202
0 0.782208
23.2513 23.7292
57.3081 57.3634
15 15.1595
0 0.903532
54.4087 54.6269
48.7623 50.5423
43.2185 43.619
97.8045 98.1346
41.0116 41.1913
44.772 45.1573
64.6252 66.6368
51.2978 51.413
44.9561 45.9703
29.9229 30.4702
7.96874 8.11027
8.74058 9.10228
72.6311 72.8722
23.8235 24.5131
77.2761 77.5762
89.6468 89.9476
30.0411 30.2603
71.5794 73.2623
32.236 32.564
8.31622 8.71364
18.5784 18.6017
3.19092 3.23189
86.4671 86.5868
38.0792 38.4326
38.9323 39.0334
78.8754 79.5569
76.7096 76.8303
46.4101 47.2021
82.6986 83.1642
73.6169 75.94
56.8476 57.1492
21.0716 21.8598
67.6592 68.21
95.3164 95.4343
16.1885 16.41
27.6351 28.3691
16.1472 16.351
49.0945 49.2081
52.6416 53.4545
70.1074 70.3281
15.0732 15.919
13.1147 13.5393
89.3433 89.738
29.2511 29.8655
42.8895 42.9818
3.35851 3.81688
61.323 62.192
43.4722 43.5614
4.28941 5.30634
29.3024 29.8805
5.02932 5.11907
31.518 32.3993
40.3928 41.6056
47.5983 48.0773
19.0635 19.6074
46.7878 47.136
3.80647 4.52107
64.4876 64.853
83.4915 83.9205
24.8049 24.8513
80.6372 81.1913
48.0976 48.3407
76.7582 77.0568
96.7467 97.0046
71.6467 71.9468
78.1996 78.288
17.9799 18.0085
13.6636 13.7288
23.0014 23.4794
98.4936 99.7893
54.9635 55.3478
67.6822 69.0384
2.46644 16.89
26 26.1265
91.8487 92.2421
22.3131 22.3325
96.9881 99.0631
58.7763 58.7956
32.1799 32.3834
90.2919 90.6142
28.0274 29.73
99.5548 99.7237
51.7816 52.9801
52.4328 52.4758
30.9306 31.8543
82.6059 82.6294
79.7316 79.8548
1.76191 5.04015
52.8847 52.9845
21.1582 21.3337
4.69937 4.72795
26.6206 27.579
49.5818 50.548
75.0068 77.3493
84.6505 84.7927
47.3326 47.6025
52.784 55.1406
55.0934 55.1683
73.9618 74.1665
94.1825 94.4283
20.1382 20.3474
40.6974 40.905
16.553 16.6791
73.6048 73.749
26.9139 27.8136
0.223001 0.471473
19.7537 20.3161
75.4577 76.2427
14.0961 14.5719
90.7655 90.9952
48.1049 48.8673
65.5804 65.9032
35.755 35.9458
62.234 62.4498
1.48603 1.64661
71.5198 71.7593
21.2412 21.7812
1.21469 1.5237
3.168 3.36161
48.2694 48.5949
18.226 18.3111
12.5625 12.614
36.3246 36.9713
69.7804 69.9254
17.4834 18.2759
3.26621 3.30937
26.9259 27.4979
4.07085 5.22502
74.2454 74.4204
80.6815 81.8817
16.463 16.5412
40.2074 40.8876
63.3157 64.7411
15.5277 15.6996
11.1875 11.5627
12.1604 12.3997
31.844 32.2879
78.8457 81.3428
85.2539 85.961
57.2255 57.3835
87.4846 87.516
0.067998 0.301008
9.14134 9.97471
66.9634 67.4984
84.2893 84.6387
6.13063 7.44789
41.0893 41.3812
97.026 97.3653
83.2681 83.3709
37.8783 38.0857
63.5533 64.2249
94.4643 95.3505
83.1565 83.2892
89.9788 91.0254
75.5956 76.3063
66.9588 67.4748
0.850909 1.28912
30.9137 32.7418
2.92735 3.16633
34.7218 34.8702
30.3599 30.4027
4.22523 4.44916
87.9899 89.2381
44.7064 45.6862
84.6803 84.9615
25.1555 25.183
86.4739 86.7124
27.1635 27.5522
26.6226 28.2693
23.4788 23.9279
43.874 44.1963
84.0612 84.2185
36.2301 36.7197
80.7412 83.2584
2.17378 11.0775
9.50984 9.66937
36.974 38.7518
22.9601 23.0985
14.3176 15.0352
93.7791 95.0961
18.6975 18.9968
91.5686 92.1208
65.6623 65.9002
34.7994 35.0074
52.7674 54.0496
7.57339 11.6962
87.8845 93.2381
12.1449 12.2635
75.171 75.2013
57.9079 58.045
65.6644 65.6842
1.98009 2.02439
70.0072 71.8229
6.24126 6.38102
12.188 13.2272
74.2017 74.6332
66.7781 67.3939
42 44.9603
60.9694 64.3671
1.5649 1.77373
85.1637 86.4622
7.53469 7.67508
61.4776 62.8009
12.6507 12.7014
35.0322 35.1554
59.3791 59.8173
52.372 53.5572
30 30.6426
41.6953 42.3542
61.8951 62.7982
81.8081 82.0923
64 64.9112
9.17728 9.29607
2.94738 3.52521
15.4163 15.6372
49.2419 54.7125
8.91399 9.21591
91.7885 92.8091
34.8119 36.3287
5.65667 7.86693
27.5322 27.8855
8.17146 8.87813
88.2804 88.66
50.4309 50.8283
0.856057 2.09233
9.32609 9.96896
20.2999 20.8286
12 12.609
31.0755 31.3405
0.468965 0.95019
36.6359 37.1556
41.5456 41.6242
70.2368 71.2886
60.6723 60.88
78.0596 78.3855
28.7752 29.0726
73.0357 74.3725
48.5485 52.1883
7.11376 7.36399
19.025 19.3229
40.7424 41.1548
44.2962 44.9168
26.3984 26.7345
76 76.1284
18.906 19.2027
93.1553 93.4073
8.13629 9.33686
85.7226 87.7084
52.5098 53.2903
24.3035 24.7823
12.9379 13.6496
43.4373 43.5028
86.6376 87.2103
32.3718 32.4817
40.3302 41.6644
40.463 42.5356
20.926 22.2237
96.4889 96.5407
0.668843 1.30464
21.5588 21.6178
72.0211 72.2777
88.7104 89.5834
11.7127 12.1456
26.1915 26.3905
43.2599 44.8297
90.4346 90.9136
29.1906 29.2746
42.3484 42.815
0.14957 0.725143
46.2692 46.4055
40 40.7938
81.8074 82.8295
1.61398 2.6773
10.2846 10.818
5.96882 6.05823
99.8642 99.8791
83.4085 84.0422
0.453629 0.648057
75.374 77.7009
9.14374 11.0177
19.1737 19.5229
25.7882 25.8816
67.0075 67.3216
31.7609 32.0289
73.6371 74.428
29.0256 29.2311
61.6616 62.0357
87.7284 87.9742
86.2677 86.3921
5.50152 5.70088
39.802 40.0222
49.5892 49.7724
2.04001 2.74668
75.603 75.9477
94.1824 95.3704
53.9749 54.2459
88.9615 89.0418
37.7447 38.1871
70.51 70.752
14.8146 16.3989
54.8751 55.3484
63.3276 63.9916
13.108 13.5006
75.8429 76.08
53.4334 53.5796
40 40.6678
82.746 85.2053
10.1906 10.399
8.92919 9.14571
75.5108 76.3922
96.2462 96.8617
91.6568 92.8252
8.36968 8.8204
80.5072 81.0218
2.60792 3.85138
14.9738 15.6937
92.4122 93.399
55.2349 58.8124
1.87177 2.13905
27.9429 28.4027
0 0.103072
47.2063 47.4641
43.0893 43.1232
77.0857 77.3767
6.08053 8.8747
9.16918 9.40854
58.508 58.9187
3.43665 4.08451
98.2348 98.794
99.1699 99.9862
41.6256 42.9595
35.259 35.6421
63.7495 64.0308
33.0995 33.4213
82.8629 83.6618
85.2897 86.0559
16.792 20.124
10.8585 14.729
5.65531 5.79818
36.763 36.9244
18.5353 27.003
34.4578 35.1534
79.5774 80.3329
17.4274 18.2723
44.3386 44.5185
86.5539 86.818
38.7763 40.8524
47.216 47.5014
4.10046 4.91125
27.1312 27.3045
12.971 13.4092
29.9204 30.6467
1.23221 2.39593
4.39434 5.06589
39.2946 39.8948
85.7816 87.1966
88.9097 89.2026
6.84096 10.3391
39.6487 40.051
40.4502 40.6746
5.33306 6.12435
76.8928 78.1098
34 34.5452
16.3158 17.3151
32.9076 36.1473
23.0807 23.2187
13.5105 14.1735
5.15735 6.95874
17.8208 18.47
43.7968 44.9248
83.1986 83.3972
50.6795 52.5707
28.5826 28.7308
82.2051 82.2904
0.24206 1.02377
65.8874 66.0026
7.91524 8.75273
17.1675 17.7315
50.8628 50.8777
82.6574 84.3232
0.0607391 0.149127
15.5151 16.0073
94.5432 94.9587
52.3067 52.651
8.47374 8.52643
95.9047 99.9024
43.1202 43.3648
12.6305 14.3669
16.7738 19.0909
58.6492 59.2749
8.4167 8.78307
99.5803 99.903
10.3535 10.83
57.9645 58.0544
16.3217 16.421
34.9091 36.1352
82.2152 86.272
55 55.5629
47.945 48.1427
41.1563 41.4536
53.7461 54.146
15.3243 15.3882
16.1101 16.7554
63.9099 64.3433
5.93704 6.20697
49.5554 49.6811
22.6776 22.8465
23.5247 23.6236
23.307 23.9078
30.7186 32.4063
59.8713 59.9785
57.9641 58.3408
31.6039 32.1664
65.6198 65.8344
55.4107 55.8801
34.856 36.272
86.5686 86.7153
0 0.705241
80.1502 80.9485
64.6183 66.2796
26.1944 26.7322
63.107 63.578
48.7975 49.0883
78.92 79.0328
92.7599 93.4163
78.2996 78.9045
6.69747 7.79609
87.374 87.5606
2.01036 2.63719
62.6194 63.1795
3.46931 3.86645
77.4684 79.4115
82.4731 82.8024
77.1433 77.1948
41.8258 42.1148
43.4912 44.0572
11.6187 11.6936
68.2369 68.7079
86.3251 87.129
96.8695 97.6372
18.8431 19.4881
90.9068 91.3154
17.4259 19.0619
12.7927 13.2088
18.6272 18.8265
83.8153 85.4093
74.0531 77.0208
57.4724 57.9322
13.2398 13.8862
52.6963 54.0879
50.5289 51.069
11.3886 11.9976
47.789 48.3235
27.9473 28.2365
16.2517 16.2715
62.4748 62.7754
18.5883 19.575
8.85994 9.25382
38.4159 38.7596
42.382 42.6027
25.9508 26.8436
81.0203 81.1728
65.1485 65.4709
40.6842 40.8374
31.5611 32.2525
67.1423 67.3577
38.715 42.7074
51.1102 51.5165
36.5176 36.6338
58.5998 60.1324
9.21968 9.61841
28.0534 28.2789
99.2216 99.5237
20.2879 23.7803
38.0609 38.2924
67.9271 68.1136
2.27955 2.52139
74.8251 75.2361
91.849 92.4954
14.8381 16.013
91.7703 92.7098
2.16151 2.20467
57.362 58.6478
81.0403 81.2121
94.7234 95.05
93.9179 94.0078
46.2211 49.5862
33.3686 36.7006
36.0203 37.178
69.411 72.0189
42.9819 43.6818
40.6848 41.0535
62.6736 62.7826
88.4942 90.9005
85.2192 85.2635
0.937142 1.19849
35 35.1157
24.8339 24.8637
95.9131 96.207
11.0375 12.0083
54.1162 54.7118
66.1555 67.4978
0.471321 0.931337
85.0534 85.8522
26.9147 27.8677
24.892 25.3377
73.7059 74.357
1.41716 4.29025
41.026 41.3621
17.2516 17.6905
41.4579 41.8013
96.3363 97.601
1.41005 1.57673
16.1528 16.5808
28.4039 28.6823
12.9562 13.522
90.3921 91.0438
49.375 49.45
19.2609 20.7837
8.28489 8.44128
22.1342 22.1928
92.2058 92.9751
4.4843 5.24166
58.9263 59.223
15.9123 17.2046
64.9991 66.1345
13.3246 13.5345
52.4422 55.8988
26.6796 27.0543
57.5589 59.4638
19.9012 20.3037
29.7111 39.1405
30.0042 30.6371
52.5469 53.1462
70.4056 72.6553
47.5185 48.2919
31.2831 31.4944
21.6732 24.2439
83.2884 83.5738
86.489 98.3354
11.8147 12.885
37.8546 38.1284
25.0575 25.3388
83.6208 83.8083
15.342 18.5566
82.5644 82.669
28.5672 28.7837
96.8191 99.0966
96.5003 98.3954
57.5435 57.6919
94.3253 95.1251
16.3082 17.4522
53.0868 53.7469
59.7652 59.8419
48.9254 49.0928
82.5078 83.0319
17.7366 18.0937
45.8196 47.0294
57.5995 58.2244
57.9747 58.1655
20.6697 24.6598
49.5687 50.1453
29.872 30.2168
56.7889 57.0954
92.1617 92.6359
32.7492 32.8378
86.4256 87.6484
86.9856 87.5863
68.968 69.1318
9 9.29117
62.1156 64.429
76 76.2348
8.46172 8.62034
7.01933 7.42473
5.10324 6.16491
91.2134 94.142
44.2664 44.5354
13.2397 13.5083
59.7917 59.9796
10.7191 11.1893
26.4282 27.0598
50.8101 51.077
98.8798 98.9571
97.6264 97.685
60.2487 61.558
75.0751 75.596
10.1789 10.5277
87.2032 87.93
58.5852 59.0447
57.17 57.2581
71.1672 72.3712
58.1527 58.5818
41.6252 41.7312
86.9275 87.994
35.7564 36.5348
33.7506 33.9249
93.739 94.7541
27.1766 27.8013
7.93965 8.33134
18.1031 18.3235
39.6723 39.8346
4.334 5.37771
1.17856 1.51429
70.3989 70.6881
38.8142 41.4023
26.9481 27.6241
77.6985 77.9221
7.99323 8.11423
53.9689 55.0144
5.85097 6.46581
46.0672 46.1524
59.4657 60.7941
21.8799 22.031
61.6049 61.8283
31.8549 32.1511
82.3148 82.3314
84.0433 84.2217
6.94904 7.43242
11 11.0706
58.4004 61.7244
57.6133 58.1253
21.7321 22.0408
10.0046 10.3521
79.234 79.5719
55.3987 56.7548
17.8335 18.2679
27.1472 27.2585
61.026 61.191
54.0045 54.1481
34.1469 34.2018
35.8164 36.0785
51.7361 53.3598
34.2456 35.8745
97.2006 97.3292
98.1477 98.4146
18.743 18.8645
54.8006 55.4049
83.6945 84.5653
68.8113 69.7749
37.7677 37.8666
38.3592 38.9355
84.3775 85.2109
27.2998 27.6303
85.2661 86.3984
19.3213 20.2715
47.3299 47.6094
74.1034 74.5278
8.09464 14.1474
87 87.3063
61.595 61.9467
97.618 99.4461
93.3992 93.5476
0.343713 0.4999
25.7194 26.3151
87.3353 88.8259
62.8405 63.0649
8.04091 8.46907
34.9944 35.6252
22.8036 23.9898
66.7133 66.7368
7.11648 7.41373
10.4846 11.923
89.5744 89.8932
50.0229 50.2345
86.9337 87.1536
56.8735 57.0034
91.4015 91.6684
37.2729 37.5361
69.0783 70.9762
8.8756 10.8429
3.87662 4.25312
25.1525 25.2132
82.764 83.0156
61 61.0405
11.7815 11.9213
87.6351 87.8049
6.85496 8.20106
67.2184 67.3195
10.6762 10.8006
36.0612 36.7595
74.3779 74.4818
0.768373 0.985873
41.8195 42.155
78.0704 78.2883
35.1565 35.3276
3.34923 3.63945
74.2684 78.9067
2.31996 2.38906
42.4057 43.4866
82.31 82.5535
6.15119 6.45572
77.0079 77.6308
1.2512 2.50109
64.2704 65.3776
37.8898 38.16
16.8654 16.9244
84.7865 85.1914
96.1643 98.8095
87.7235 88.3867
85.4736 86.3804
33.3874 33.4537
84.4744 84.7134
15.5532 16.9385
20.7633 20.8708
37.5678 37.6286
0 0.391088
56.7162 57.0199
4.54997 4.9942
47.8609 48.8226
16.1787 16.4432
86.6381 87.0536
30.555 30.7673
32.0993 32.8607
12.9947 13.3464
24.6564 24.9357
93.7229 94.0192
20.7627 21.273
74.0632 74.3271
56.3166 56.5586
84.7631 86.2436
4.96725 6.49367
92.3327 92.7189
11.1337 11.6507
11.7212 11.861
45.0821 45.6486
63.3201 63.5635
48.306 48.6554
17.1308 18.6089
11.0903 11.3156
48.5024 48.9624
29.874 30.4049
18.312 21.6467
62.1694 62.9464
52.9971 53.4189
19.7203 20.0487
88.8233 88.884
17.6216 18.7844
4.28096 4.92864
4.9647 5.40268
27.333 27.9415
9.64828 10.7602
70.3751 70.5582
90.381 90.7219
75.5486 75.6562
64.9908 65.7642
5.96284 6.04458
48.6034 49.2214
2.08553 2.2776
62.5204 62.5985
19.5727 24.508
27 27.0956
2.05237 2.86769
7.13551 7.86855
57.1158 58.3174
34.0014 34.4927
3.79498 4.09615
33.3694 33.6672
83.741 84.0009
65.9525 66.1631
44.9636 45.3267
63.822 63.9435
84.2051 86.4639
12.9705 13.2846
58.6798 62.7985
11.9742 12.3011
46.1262 46.5002
0 0.167361
21.0165 21.5222
75.0093 75.158
15.893 17.1208
97.9109 98.4351
41.6603 42.4106
75.4697 75.5477
25.2543 25.4689
67.1299 67.1631
24.6394 24.7798
3.21635 4.41129
91.7058 92.0685
1.06844 2.16797
47.9378 48.2016
85.1665 85.1994
97.8347 98.435
27.5527 28.4117
89.7378 89.9254
97.2268 97.4867
95.4591 95.8424
63.507 63.6333
87.7869 88.7127
3.61203 4.19577
51 51.8004
32.4602 32.5486
91.1515 91.9123
23.3193 23.7381
13.2422 13.955
1.23888 1.25871
70.9564 71.6179
54.4722 54.8301
95.3564 95.415
38.5919 38.858
37.7533 37.9683
60.9984 61.3289
14.8418 14.8755
23.1363 23.4119
6.39682 6.71911
88.2597 89.0449
31.1689 31.233
70.6639 70.7918
53.4236 53.6117
86.2943 86.812
10.5948 10.9082
70.7964 71.4542
47.9555 49.1255
67.9465 69.2517
41.5963 42.5063
77.4569 77.665
55.2018 55.2166
82.213 82.8424
18.8138 20.1844
1 1.10925
35.5966 35.9488
12.8539 15.3691
17.7821 22.1811
54.0731 54.3483
80.4132 81.7694
61.6064 61.76
69.0018 69.1274
43.965 44.629
78.6833 78.8151
29.3905 29.654
55.3394 56.2675
66.5877 67.6685
57.405 57.6856
29.4715 31.1087
15.8803 16.3782
68.6362 70.4804
90.4659 90.617
47.4434 48.1995
62.2111 62.4381
51.0211 51.4975
98.3999 98.6288
46.0896 46.3366
53.1309 53.5596
48.9389 49.0587
25.4059 25.4402
32.9624 34.4117
83.2268 83.4771
23.2958 23.9967
43.0246 44.868
50.088 50.3082
34.3768 36.4213
10.5518 10.6549
8.03185 8.86429
19.2989 20.1855
58.0474 58.6301
17 18.1669
25.9431 27.1994
81.4904 81.7138
45.6514 45.866
67.7701 68.1228
6.71531 7.33444
4.17705 4.85865
50.1483 51.4882
31.9061 32.5639
69.6815 69.8738
1.24219 2.8376
0 0.336592
46.3471 46.6299
53.4558 53.4923
31.2478 31.5919
20 20.2348
8.92547 9.13102
93.3001 93.3333
32.7707 33.4023
50.1535 50.3681
4.75824 5.70075
89.6111 89.6987
68.6846 69.2404
41.5904 42.0287
94.2968 94.5266
16.5482 17.5879
60.571 60.7385
17.475 23.2853
18.6259 18.9986
0.638978 1.02824
86.4875 87.1384
93.189 93.2693
26.5553 27.1009
94.4792 94.977
73.616 73.6612
55.8915 57.4718
80.0603 80.7677
4 4.36951
15.2405 16.0036
82.7508 82.8149
8.70509 8.8583
26.8017 27.5936
16.1241 16.2523
83.3204 83.7524
38.8285 39.3952
19.5903 19.7126
36.6686 37.2214
36.5637 36.729
50.8906 51.0466
27.6121 27.6982
48.1341 48.8146
67.2047 67.3458
21.6284 22.0574
25.7939 26.0658
7.82841 8.54713
7.31232 7.50593
65.3649 65.4111
73.7681 74.034
0.77915 1.11855
21.9471 23.1139
41.2761 42.0467
79.979 80.439
13.4332 13.8608
38.0091 38.1516
31.741 32.0382
99.1844 99.3406
13.8676 14.2034
89.6727 89.7772
26.3826 27.6776
42.4819 43.2354
51.7766 52.7449
71.2874 71.4915
81.7733 82.5989
50.94 51.602
85.7411 86.7083
53.3545 53.9559
22.4773 23.8513
7.96729 8.09378
50.4577 50.8928
27.039 27.3375
45.5557 45.7198
66.0855 67.8727
1.03225 1.43517
75.0071 76.8446
13.8529 15.5507
95.948 96.4067
4.14503 5.78226
83.9627 85.256
6.54732 6.78703
77.0909 77.8623
90.4006 93.162
84.2177 84.996
70.049 70.1415
33.5844 36.5103
84.7981 85.2965
22.7666 23.5408
38.3471 38.8236
45.5124 45.9082
3.69772 3.74434
13.5505 13.8591
59.9016 61.1544
73.9972 76.5721
92.5213 93.0146
12.9591 13.2743
5.08893 5.20429
6.12219 6.42595
79.0849 80.5763
48.1917 48.5452
18.7966 24.0852
28.4534 28.6906
1.62884 4.3461
32.2212 33.3475
7.98853 8.2043
37.5875 39.7925
94.3622 94.3993
54.6459 55.7261
48.6915 49.6831
7.6753 8.52667
91.0431 92.5981
78.7993 80.4179
47.9 48.0115
90.9477 91.0595
70.1819 70.5515
91.4907 92.1237
1.31163 2.409
58.0434 59.1446
39.7828 40.0365
7.99534 8.18893
25.8943 26.1302
13.2934 15.022
43.3012 44.6928
41.1631 43.2133
76.7635 77.3002
8.75304 9.0712
44.7186 45.0144
6.27086 6.72492
55.0526 55.3193
3.05269 3.27447
48.4077 48.9742
75.0255 75.0896
67.4851 78.5424
15.1998 16.0838
92.1114 92.9559
87.4317 88.0553
35.9136 36.7182
57.9268 59.8987
47.8476 48.5074
15.6101 15.81
22.1688 22.6152
51.4847 52.9564
22.909 23.7528
89.5855 92.0163
57.6707 58.0803
48.8902 49.5952
60.3656 60.8038
9.19104 9.3755
9.18799 9.46356
58.9515 59.6323
9.94544 10.2318
33.0813 33.7381
68.4813 70.2151
24.654 27.213
28.7087 29.007
6.54147 6.89086
33.044 33.6246
89.5387 89.8239
31.1898 34.6649
67.7582 67.8847
65.6898 65.9276
30.7806 31.0741
16.4566 16.7347
51.0272 51.3724
74.4331 75.0944
2.96025 3.83734
30.3122 32.0706
46.6094 47.2909
52.1293 53.375
8.33782 8.35716
23.225 24.7168
66.6506 67.6888
77.257 77.6518
61.6103 62.7356
7.38025 7.56174
19.2256 19.5061
46.4791 46.7513
69.6724 69.799
38.8846 39.1381
51.0996 51.5836
45.0816 45.4494
86.9587 87.3923
63.4867 64.0868
51.6294 51.8323
95.1886 95.7544
38.6989 39.8244
17.6781 18.3176
7.39163 7.74162
87.8417 88.2491
26.5391 27.9349
20.5713 21.1986
31.7888 32.4143
69.0959 69.7377
80.9513 81.3521
41.5458 41.9622
91.2848 91.3676
36.7352 37.1802
66.35 66.6546
43.7814 43.8926
2.64095 2.75975
38.9523 39.5298
62.2792 64.5912
29.1225 29.3908
26.7184 27.8108
77.069 77.3862
1.3413 1.45444
71.4902 71.5445
22.4617 24.1697
56.5691 56.8373
78.7467 79.1849
17 17.0809
87.8839 88.1038
71.1007 71.2487
46.3609 46.6029
97.6719 99.4185
78.549 78.7687
77.2095 77.6372
82.3504 83.1948
1.93634 3.71613
78.8593 79.0245
23.4964 24.095
40.5167 41.0091
31.6343 31.7416
49.0906 49.5032
98.6351 99.5432
4.37753 4.74968
68.9103 68.9468
86.3402 86.4688
61.3472 61.6457
39.2088 39.4165
76.1289 77.1138
53.1949 54.2179
16.4731 16.6808
38.3056 38.9523
30.1784 30.3146
2.86495 3.41945
40.8846 41.2762
61.1931 62.3355
41.7598 45.8593
52.443 52.9927
11.6289 11.8108
79.688 80.7819
9.48394 10.0816
87.4476 87.5918
13.1961 18.166
78.7193 78.8977
66.2352 66.4814
9.08052 11.2303
94.4007 95.4948
54.1569 54.4688
0.486429 0.686739
65.895 66.2479
74.9845 75.6063
90.2488 90.5076
73.519 74.5598
25.4704 25.8198
59.5213 60.7735
47.3179 47.7879
89.4453 90.2571
24.8646 26.1219
40.3908 41.3212
14.8381 15.1909
80.7471 81.9841
82 83.5319
13.2914 13.383
92.085 92.1071
84.2859 84.5129
90.9683 91.3316
43.1868 43.5053
32.4933 32.5987
75.0185 75.2282
13 13.3824
23 23.0383
0.235119 0.436517
20.1068 20.5435
36.4292 37.77
0.959333 1.18997
23.1756 23.3992
98.9844 99.5055
47.4378 47.6801
37.2294 37.7508
80.6779 80.8017
68.598 70.3953
22.324 22.4314
1.10287 1.4522
17.0998 17.479
76.5516 77.1065
52.032 52.6098
2.20422 2.86235
99.2156 99.7094
84.2512 84.3944
37.6088 37.6834
89.7605 90.531
60.7382 61.2361
75.1289 75.4746
18.6749 18.7844
87 90.0112
74.4053 74.6529
34.0975 34.7777
33.9653 38.903
2.83458 3.11972
10.675 10.7048
77.3934 77.6437
55.4462 56.0719
31.9049 32.0754
46.3077 46.4997
94.2448 95.2233
27.6973 28.8581
33.5055 33.617
80.7657 83.3364
94.9953 95.3915
73.2098 73.6018
33.4289 33.5098
59.3271 59.4588
73.786 76.3609
98.8643 99.2923
57.1536 57.2767
44.967 45.4707
35.4404 35.9847
23.5327 24.3229
56.4585 56.9094
80.1363 80.3012
68.0853 69.1848
47.0422 47.1766
22.9492 23.1125
42.0811 45.8639
42.0317 42.212
1.89872 1.972
2.63836 2.71471
17.4584 17.9681
99.5267 99.9376
0.909634 1.28234
27.3191 27.3928
66.5776 67.1715
94.4557 94.7751
65.3208 66.0049
21.098 21.4086
84.8381 86.0642
70.1139 71.7797
45.5219 46.0242
92.6196 92.9049
16.9856 17.3604
5.97106 6.23796
0 0.26891
88.2092 88.4378
43.03 43.3546
48.3088 48.4661
18.8378 18.9913
67.5692 67.754
0 0.50126
7.14774 7.20553
90.7144 94.7593
9.46246 9.55781
53.4007 53.5739
3.93083 5.10996
37.0493 37.1698
73.6968 73.9936
15.1036 15.7511
53.5316 53.5757
87.0816 88.3448
45.8496 45.9908
47.4029 47.5486
95.4737 96.076
43.0112 43.6735
22.8051 23.7837
62.7703 63.7765
98.0884 98.317
57.0025 57.2568
82.4808 83.7466
5.11694 6.43959
91.7421 91.8908
0.238964 0.478247
17.939 18.7343
63.3634 63.5832
87.2161 87.3206
26.7638 27.0612
23.3727 23.7726
58 58.2193
0.967003 1.12297
43.0368 43.2047
53.5532 53.7682
0.829029 1.37971
51.0743 51.3928
78.7889 79.8377
63.982 64.0862
32.9429 33.0153
67.7925 69.2647
72.3526 75.133
95.5194 95.6093
47.5917 47.7442
75.3367 77.3147
44.7713 44.9681
39.0566 40.4931
45.6055 45.7452
67.9591 69.5356
78.9971 79.1248
10.012 13.2428
0.790687 1.19045
2.08301 2.36758
44.4759 44.6246
27.4883 27.6375
81.9841 82.0078
92.8972 93.6584
24.2512 25.0724
25.1003 25.1461
47.1133 47.2622
3.99732 4.38935
55.969 56.099
34.1497 35.5046
26.2202 26.2745
3.01785 3.249
12.4609 12.8103
53.5271 53.9165
83.4803 83.6745
38.9305 40.1576
94.2105 95.1205
55.6328 55.7244
47.1599 47.3312
34.7439 35.0969
80.0848 80.2315
51.9305 52.235
44.9834 46.8686
80.811 80.8856
46.9268 47.2761
83.8001 84.2675
67.3869 67.8524
17.6708 20.5694
75.8248 75.8999
2.64362 3.55308
85.5663 86.4347
35.6246 36.8286
85.4439 86.528
38.4239 41.5584
60.7069 60.897
26.2423 26.6237
56.9664 57.0985
97.7566 98.0033
21.7163 21.9758
4.39187 4.6699
49.934 50.0394
36.837 37.5318
46.1837 46.3608
11.821 12.3109
22.5068 22.611
63.8211 63.8544
4.37878 4.67504
29.2464 29.4371
72.3865 72.984
43.2964 43.7708
52.593 54.283
10.1576 10.3399
52.9692 53.352
57.4757 58.3195
49.5049 49.7714
44.506 45.3637
38.7948 38.9967
24.7085 24.9785
64.7312 65.4171
86.1566 86.5268
59.0995 59.3801
61.6319 62.0112
55.9617 56.778
69.244 71.9563
42.2115 42.382
40.664 40.983
59.6933 60.578
18.3297 19.1056
49.0211 49.4249
65.9524 66.4724
62.6558 65.228
36.4929 36.7042
47.4345 47.6131
45.7582 45.8744
92.0414 93.7876
34.7367 34.9724
2.65471 2.83784
82.4775 84.2101
81.3794 85.5791
31.4353 31.5595
85.5008 85.6324
11.7072 11.7305
17.629 18.2626
46.4317 46.923
39.1023 39.6082
98.371 98.6601
1.52255 3.93118
23.1065 23.4206
49.2136 49.6821
33 33.15
88.1337 88.3784
15.6576 15.8448
1.9303 3.64264
60.9948 61.3132
5.31546 5.66902
5.13612 5.52026
61 61.4199
45.1778 45.4466
4.29495 8.33991
8.18626 8.48351
31 33.168
87.4967 89.0473
4.16564 4.41028
15.2136 15.6382
33.1245 36.2998
14.4693 14.6847
74.1059 81.2251
70.5979 70.7247
19.0069 19.4044
0.90887 1.63772
18.4251 20.5281
88.664 90.5119
34.6806 34.8322
28.8611 29.9062
62.7329 63.2432
66.6265 67.9895
55.6744 56.9071
38.9967 39.2064
2.66591 2.99164
66.2818 66.5635
69.3753 69.5923
90.088 91.9535
21.7911 22.1539
39.4632 39.8231
91.0832 91.3684
29.028 30.5838
81.8003 82.8589
14.1549 14.5907
19.9692 20.2342
95.3575 95.5059
82.069 82.6779
35.961 36.1008
30.1346 30.4766
6.75513 7.05564
4.11015 5.48949
50.5361 50.7597
43.3518 43.649
77 77.5507
52.0419 52.3333
24.0238 24.1555
37.0985 37.2343
3.88723 3.93627
97.6536 97.951
14 16.9983
40.6737 40.9676
78.7494 79.2705
13.5345 13.8395
64.6234 64.6924
77.2567 77.7352
96.5164 96.6551
13.7308 13.8345
64.9002 65.9225
10.8541 14.4713
49.8302 50.4031
63.4586 63.9031
43.271 43.8311
80.2685 80.4736
47.5346 48.38
46.8484 47.0641
39.0593 39.2017
12.8935 13.1754
77.5384 77.759
74.5934 74.9039
76.929 77.0979
88.9685 89.428
17.7325 17.8281
49.19 49.4621
16.2201 16.3692
16.3186 20.0361
65.3988 65.7472
64.1039 64.1369
88.7408 89.2326
30.9108 30.9822
88.3033 90.2292
77.6155 77.7717
53.2561 53.5318
89.0834 89.7107
12.6237 12.7726
29.7972 30.0307
36.3677 36.5753
5.12542 6.20558
85.8162 86.0093
56.9089 57.1815
8.43743 9.02903
53.1285 56.1155
3.86574 4.65869
23.9747 27.9944
49.4337 50.7159
1.53384 1.73443
23.6874 23.8942
47.7689 48.138
56.2902 56.5251
84.9115 84.9365
70.5409 70.6661
53.5751 53.8752
6.24873 9.99088
76.0268 76.4109
70.8505 71.2608
18.3715 19.1399
53.195 53.8765
94.0205 95.2689
42.7321 42.8536
0.500026 1.32808
67.5742 67.8591
58.2449 58.4779
60.3031 60.5978
26.3443 31.4434
40.9674 41.1181
35.4191 35.5918
11.6693 12.0185
54.1063 54.7135
14.0066 14.1226
20.8693 21.1261
26.8871 27.1182
18.4131 18.5084
89.3298 89.4376
93.4737 94.1136
57.4107 57.7599
29.1801 29.635
64.605 64.633
27.4979 28.6444
68.5268 69.0851
5.24813 5.53029
49.5883 51.7113
73.9661 74.0773
13.3528 13.8862
31.858 32.5868
11.4909 12.5637
58.7611 59.3324
78.5778 86.2602
2.5324 2.64437
19.7191 19.9393
74.211 74.9089
36.4278 36.7466
42.5424 42.5908
80.1945 80.443
82.8432 82.8982
74.8007 75.9355
82.8322 82.9225
50.0215 50.1785
75.114 76.6705
72.0314 72.3437
12.4557 12.7293
73.5098 73.9617
62.0304 62.3788
9.41603 9.68601
2.78903 2.89867
56.1666 56.468
0 0.574453
96.3658 96.6052
17.4042 17.8819
1.38615 1.94912
98.9387 99.528
55.8888 56.4401
37.7441 38.1408
8.3494 8.52414
17.1216 17.2702
74.4919 75.369
33.8879 33.9472
49.8669 52.9149
29.0674 29.3511
82.207 82.5374
91.6001 92.4164
52.6105 53.5205
48.205 48.3974
68.6245 68.7773
9.4595 10.1679
53.0676 53.6076
92.6022 94.2081
35.6876 36.4709
29.2951 29.7229
9.31356 10.2988
45.8406 46.6771
54.4415 54.6463
15.2066 15.4351
86.6155 86.7582
58.9795 59.9498
24.2677 26.9126
51.6437 52.2376
72.4523 73.8153
34.271 34.3594
69.2849 69.563
93.594 94.8141
98.8273 99.4196
19.8386 20.7434
53.1789 53.5808
84.514 84.7655
80.1327 80.9366
39.7147 40.0149
43.6443 43.7133
25.3399 26.0148
46.4557 46.4926
28.4584 30.1623
12.6497 14.2406
32.3421 32.9758
89.4649 89.754
60.9691 60.9984
27.4856 27.9771
0.118642 0.782164
8.09071 8.27067
84.3136 85.0066
82.4632 84.2199
5.09605 5.77123
25 25.3714
55.3667 55.9049
61.9698 66.9051
30.8193 33.5479
22.0977 22.205
27.8921 28.1374
13.0735 13.1534
1.98095 2.25287
18.4281 19.1417
14.2302 15.482
59.363 59.7108
87.892 88.162
14.3552 14.6595
45.4816 46.3833
37.7272 38.5526
40.9955 41.2094
40.7911 40.8786
31.7587 33.0712
35.8814 36.9117
0.569996 0.885236
80.7073 80.9694
49.5135 49.9749
66.5885 67.0519
41.0878 41.8492
67.924 68.7509
4.28199 8.46023
16.4214 16.5283
50.0277 50.2864
14.2382 14.3959
31.1027 31.2111
26.2811 26.7281
56.4879 57.844
13.1213 13.7965
17.7552 17.7807
82 82.9307
32.4521 32.8811
7.16621 7.57848
46.9183 47.8411
44.9 45.1438
15.9143 17.1533
5.86336 6.08008
15.5458 16.4053
58.9045 59.5795
44.3593 45.5505
44.5452 44.7823
17.0276 20.3596
38.0309 38.7991
83 84.9989
29.4239 30.154
0.380395 1.16926
56.0404 56.1431
1.18089 1.53423
57.7048 57.7764
29.556 30.37
50.6751 50.9364
40.0996 40.2984
56.7486 57.8153
32.3563 32.5544
27.8705 31.6418
83 84.5572
25 26.0883
58.531 58.7543
10.2876 10.3141
67.8125 68.5621
22.1007 22.2404
70.8408 71.0279
31.4146 31.7446
64.6732 64.9711
5.62254 6.56888
26.1039 28.1222
69.0559 69.2372
7.59221 7.72543
18.9052 19.1444
44.1325 44.5254
31.1266 31.3872
72.8413 73.4768
82.3028 83.0802
28.354 28.9544
53.155 53.8084
64.0035 64.0549
30.1139 30.2318
3.04276 3.3798
22.7124 22.8843
7.6223 7.86494
52.358 52.7318
89.0777 89.3368
91.5945 91.6732
41.9088 42.1564
12.362 13.3516
76.8027 77.0273
14.4877 14.7181
68.8265 69.462
13.2413 13.3977
96.8511 97.466
57.4442 58.2105
19.4241 20.1812
2.29527 2.62113
94.2618 94.9974
12.7082 12.7619
86.6325 87.228
49.4295 50.8775
77.6699 77.9006
68.7334 69.8065
54.5526 54.6671
60.0105 60.3276
55.3867 55.5928
65.3865 66.6037
20.181 20.4233
54.6029 54.6558
66.7076 67.5461
84.4144 84.8244
17.239 17.4661
60.9575 63.3354
55.5213 56.2388
29.9828 30.1285
33.8638 34.6767
1.0471 2.10677
78.3443 78.8294
10.3727 10.5151
29.3955 29.6073
65.176 65.2951
5.53247 5.64007
63.0922 64.0906
39.675 40.1924
35.9878 37.6997
98.8563 99.2404
76.6959 77.6103
87.285 88.0563
8.13475 8.53637
12.678 12.8563
13.1635 13.3454
14.007 14.0887
77.2639 77.6303
24.2604 24.3724
40.9502 42.6136
2.55872 2.89763
41.8855 42.3492
48.4839 49.2282
21.4317 21.5216
0 3.37815
6.45788 6.87415
13.1819 13.5034
15.0111 15.3143
76.5531 76.721
48.6124 48.929
84.5055 85.8026
3.99952 4.06452
91.7582 91.9391
66.8464 67.5349
53.4146 53.5796
32.0275 32.0712
30.1177 30.6835
30.6288 30.6928
47.542 48.6327
72.2697 72.5166
19.6281 19.8457
70.3182 70.6888
73.5957 74.1265
1.6396 1.98541
98.446 98.8462
97.7624 97.9911
15.8462 17.8747
41.1356 42.8013
5.26546 6.09955
60.7084 61.9176
57.2195 57.348
18.5495 18.5946
7.22039 7.48601
0.443912 0.897787
64.4987 67.1327
60.0453 61.0476
13.2874 13.9467
54.2339 55.2603
79.6101 80.0757
65.9134 66.0318
6.67147 6.88973
96.9375 97.565
95.9815 96.1746
22.4398 22.7366
20.5841 20.8277
70.2446 70.4427
33 33.6398
71.5024 71.6508
33.8076 37.6717
12.515 12.7455
7.75295 8.1606
3.61716 4.59611
62.5152 63.2155
49.4723 51.0408
88.397 88.5619
80.5256 82.4093
51.5417 52.1284
3.25562 3.45827
79.9119 81.0304
33.1872 33.7437
94.452 94.8857
35.3933 35.8895
8.5818 10.433
43.965 44.208
5.64303 6.05299
82.0514 82.6143
51.2287 51.3091
82.2768 83.3227
1.20579 1.29499
60.9669 61.1613
13.3454 13.4411
34.9143 35.0672
40.1531 41.0743
77.266 77.6344
38.5095 39.7224
12.0626 12.3216
72.7014 72.8025
56.193 56.3855
0.398527 0.662179
96.9525 97.1748
15.5552 16.0025
52.0995 53.296
73.198 73.589
20.9423 22.9648
18.1784 18.8891
6.73272 9.50836
2.28628 3.27761
72.2096 73.3099
22.0095 22.2707
92.6256 92.9293
18.0285 21.7757
25.559 25.7268
7.20906 8.94082
4.99277 5.43226
20.6844 21.1561
43.306 45.5702
59.1152 59.7064
26.5498 26.6298
96.6786 96.8218
2.97961 3.41902
11.7967 12.8877
35.1352 35.6967
30.1204 30.2857
77.0947 77.2233
7.07014 8.26981
99.5264 99.9263
78.3427 78.7949
18.0198 18.4139
48.3274 48.3806
35.6669 35.9783
78.7746 79.1173
25.9429 26.0478
28.0212 35.684
42.8466 43.0381
92.3487 93.1283
72.1774 72.8152
50.5081 52.7798
59.077 59.9611
45.2547 45.7626
27.2894 27.3972
64.993 65.0984
39.8097 40.3006
92.1921 92.7479
28.2672 28.3981
48.1953 48.5714
92.3553 93.0358
21.4561 22.1255
22.0574 22.1718
37.6469 39.0888
58.634 59.0826
6.60165 6.81617
19.9044 19.9718
84.1102 84.9141
56.5048 57.3019
91.173 91.7679
35.976 36.1332
83.6056 83.7248
72.7241 73.3516
32.4074 34.001
41.8411 43.1346
79.1404 80.9966
61.323 61.3612
60.0008 66.6637
30.2341 31.053
46.206 46.5105
58.7701 58.963
36.8051 36.9612
67.0098 72.9985
16.5487 16.8628
57.4013 57.8293
26.6227 26.8099
71.9477 72.3451
59.272 59.6647
69.0067 69.1409
76.0467 76.2266
74.5523 75.6844
83.8213 84.8639
38.6377 40.1943
71.3787 72.3488
87.619 88.984
67.0322 67.2804
11.6746 12.2164
71.4957 71.6444
13.8096 14.8132
94.7866 95.0477
4.10513 5.5792
6.44024 7.23042
36.3289 36.9402
30.6901 30.758
67.2982 67.5169
72.307 72.9766
68.185 69.2959
40.4045 41.684
10.7004 10.9517
12.2563 12.8703
8.9361 9.57349
27.9999 28.66
49.8436 50.4843
31.0562 31.565
6.95409 7.67373
22.3487 23.0346
31.4026 31.7586
36.9612 37.413
74.4044 74.4508
19.2693 19.3083
4.79636 4.90228
41.8921 42.1335
9.83919 9.89204
23 24.3942
2.26858 2.37398
84.2569 84.4798
18.4529 18.5557
90.059 91.8288
59.1943 59.9514
53.8979 54.798
89.9548 90.367
1 1.74524
84.668 84.8058
34.6568 35.0289
39.4006 39.4737
35.5748 35.8053
5.32862 6.24835
39.4057 39.6309
84.9546 85.1
77.9032 78.8175
7.52186 9.39539
47.9008 48.7885
10.4085 10.7765
53.6729 54.1135
99.7366 99.976
58.9499 60.3328
42.6402 43.7021
31.3657 31.4965
7.15825 7.40404
32.2717 32.6701
87.5398 88.2457
86.9272 87.4553
25.5061 25.96
34.7931 35.4819
43.7111 44.7242
69.0924 70.6701
14.8999 16.5058
12.2088 13.4061
41.1124 41.372
64.2095 64.8269
8.92179 10.185
77.7698 78.0435
26.3447 27.5234
32.8982 33.0336
30.9995 31.5362
42.6219 43.1977
80.7786 82.9875
84.4265 89.5516
48.492 48.9099
52.1987 52.2651
0.12914 0.501865
75.8044 76.6568
33.7437 33.7751
46.2571 46.6849
36.1725 36.4682
33.6093 34.4456
90.4395 91.2135
65.9668 66.0845
20.6249 21.2335
6.38603 6.57866
61.481 61.6294
98.0016 98.4176
13.01 13.6706
43.1171 43.3498
86.1697 87.5456
28.8114 28.9072
22.4759 22.9318
44.1446 44.3892
7.42473 7.72902
63.436 63.7887
23.439 24.8181
42.5391 43.2606
48.997 50.1089
68.6525 68.7716
21.5173 21.9386
25.4664 26.0859
31.7158 32.9907
63.5637 64.5282
56.2506 56.608
45.0425 45.082
95.1677 95.6379
18.9386 23.9084
27.9841 28.4753
89.9461 90.2336
12.2019 12.7353
2.22746 2.6675
7.97157 8.52733
20.0262 20.2381
64.5393 65.7921
43.8943 44.1265
39.9476 40.0833
12.1682 12.5654
83.8618 84.1575
89.34 90.0282
65.428 66.1973
5.6461 6.89645
40.4317 40.8879
75.3559 75.4612
61.1201 63.8906
7.80564 7.84219
45.8292 47.0238
42.2708 42.7419
18.3037 20.4071
79.5728 83.8601
60.6323 61.4321
44.7744 44.8201
99.7828 99.9927
7.69792 8.31618
37.8777 38.64
58.8837 59.3891
47.9893 49.4918
55.267 55.2974
84.1357 84.3344
1.63163 3.53829
34.6146 35.0892
0 0.411057
88.5947 88.8849
50.292 50.7445
14.2598 14.5615
82.3667 83.1018
40.8568 40.9657
39.6849 39.8036
14.435 14.8404
18.9175 21.5062
53.3033 53.6147
37.8032 38.1464
22.3837 22.5123
65.5376 65.9552
11.1727 11.8353
29.7625 29.9873
5.39954 6.14132
70.5477 71.2007
71.6654 72.0547
33.2698 33.3787
99.2923 99.7552
39.5602 39.7073
31.3811 32.1996
96.7684 97.4625
20.1194 20.1702
80.3736 81.0807
93.6842 94.645
94.8691 95.0277
29.6191 30.4854
8.75295 8.83813
63.4295 65.8327
75.0362 75.7677
93.3919 94.558
75.4721 75.7234
67.6705 69.9032
40.2358 41.0056
71.0435 71.747
85.8559 86.3631
66.5178 67.2899
24.502 24.5493
7.95204 9.46304
84.1135 84.5091
41.7968 42.2156
49.0612 53.6374
22.4505 22.5633
52.7587 53.107
95.672 96.7728
30.2579 31.0093
17.0096 17.985
7.30966 7.5469
67.0042 67.1332
15.3882 15.5042
78.493 78.7359
20.8741 25.8299
40.3581 40.7214
13.1685 13.3387
71.5554 73.1791
16.301 16.4173
85.642 86.6443
95.282 95.3074
78.0494 78.1386
28.0399 28.3507
47.1197 47.6524
15.6497 18.5958
85.0987 85.8903
81.2842 81.6533
72.4623 72.5522
41.6827 42.0228
14.1403 14.2465
14.0348 15.0179
1.35218 6.7081
39.3816 39.5933
67.5558 68.185
11.3107 11.3694
63.0469 63.3462
36.8058 37.4589
38.3394 38.5809
48.6469 48.8524
2.99032 3.38544
0 2.2848
13.6912 13.8419
1.12345 1.48587
28.3556 28.7775
56.7383 57.8636
3.1311 3.47634
66.0678 66.8919
69.4796 69.5269
74.3311 75.0878
0.9725 1.28077
4.91322 5.05198
86.8056 87.5252
58.9746 59.1233
8.66388 9.02017
13.7745 15.2612
21.5532 21.7513
1.12833 1.58536
43.2727 43.4207
23.7748 25.3152
63.2267 63.4664
3.33414 4.23021
47.4285 47.8498
16.1819 17.7377
93.6773 94.0119
59.432 60.1806
0.41957 0.798824
15.3283 20.6528
37.9338 38.1341
94.3902 94.7843
90.4531 90.5562
14.8414 18.8864
74.6685 74.8152
86 86.2463
72.1345 77.9501
1.03009 1.21469
8.60228 8.90755
20.794 21.6979
16.3744 16.5345
49.8598 50.6331
13.8264 15.094
57.6125 59.0847
62.3021 62.6163
87.7129 87.8315
21.3594 21.4312
39.3774 39.5574
2.84248 3.03159
84.4583 85.0263
22.9651 23.0752
47.8901 48.2498
90.524 91.272
23.4729 24.4514
26 26.3101
38.0694 38.7328
38.7482 39.3203
11.9686 13.0389
99.0653 99.6535
29.2523 29.5746
38.0693 38.2349
16.1918 17.0174
39.8086 40.1197
8.55333 8.627
61.4522 61.8132
1.8314 4.28878
61.2949 61.5226
3.74103 4.18145
50.875 56.9521
41.1521 41.2733
85.4583 85.9795
1.95702 2.12511
79.5836 80.1859
9.6384 10.2642
75.7524 76.8724
70.7705 71.2304
21.4286 21.4799
16.0521 19.9226
52.3919 53.299
3.46166 4.09532
97.202 97.744
11.6381 14.9701
46.1349 46.2999
9.27694 9.53168
79.4604 81.1479
33.6424 34.1621
96.9956 97.7632
97.5431 97.607
61.9617 62.0662
18.3547 19.3338
31.0227 31.1711
40.1935 40.4634
46.7354 46.9141
66.8119 66.8818
37.0563 37.2263
68.3791 70.2304
13.0846 13.85
0.571824 0.694892
24.7005 24.8402
96.4932 96.6112
20.7607 20.9135
79.205 79.7194
26.1461 27.4172
59.7569 59.8784
85.8254 86.2047
12.3327 13.3195
34.39 38.8368
52.7981 53.8322
42.7086 43.8554
76.106 76.2468
75.5714 75.801
59.9806 60.386
30.9457 31.1873
81.1545 81.8056
56.9836 57.1064
2.85376 3.0099
65.7512 65.9531
47.0627 47.3558
29.4582 29.8864
91.7141 92.9625
38.8396 39.4873
19.6883 19.9573
86.537 86.8564
20.6544 20.6842
7.9908 9.07882
42.0022 42.8466
1.22015 1.39245
73.6009 73.7196
87.3191 87.959
42.5628 42.7096
86.4163 86.7177
39.3343 39.643
25.5587 25.7793
56.6696 57.0512
15.5121 15.8348
17.781 45.0761
94.1616 94.3785
40.7027 44.0758
84.0619 84.7128
98.1476 99.4055
0.211451 0.799789
88.1098 89.0795
73.9308 74.275
57.3352 58.168
0.745935 6.10477
93.8551 94.2869
10.9989 11.0705
8.35578 12.5749
84.1706 85.0282
10.3965 11.8806
65.2547 65.3044
34.5307 34.8498
13.9415 15.0142
18.2931 19.1357
62.5466 64.2116
52.4741 53.0523
83.0169 86.6633
28.8794 29.1182
60.1451 60.3486
73.9767 74.34
12.949 14.3949
23.9279 24.1934
29.0512 29.895
30.9526 31.3197
13.7426 13.9112
55.7007 55.939
58.5429 58.6449
37.6119 38.8982
33.6381 34.2038
36.4649 36.9958
32.3429 32.9142
87.7652 87.8312
89.9763 91.0501
36.1185 36.3377
54.0793 54.1985
60.3569 60.5248
5.12609 5.83955
11.5741 17.5571
5.55224 6.03034
61.7713 61.9945
44.2562 45.3621
97.5653 97.9814
88.9947 90.4116
87 87.1531
32.2794 32.932
81.7554 81.963
33.1645 33.5889
58.642 59.5764
12.2785 12.3898
44.3135 44.9345
99.0537 99.1934
29.4095 29.5426
14.8787 14.9845
82.8335 83.2934
81.9415 81.9663
87.8414 90.2145
89.6271 89.9045
33.8971 34.2973
1.07555 1.42205
83.1128 83.4021
85.0654 85.5008
81.2797 81.5104
91.6391 92.2143
70.1048 70.2727
78.9067 79.246
90.5369 91.4805
64.5336 64.7025
41.8162 41.8691
48.3953 49.3022
89.7551 90.1575
36.5129 36.8502
12.1747 12.693
86.3383 86.4478
32.5916 33.8291
25.2135 25.3283
1.19883 1.69208
99.4784 99.8015
5.83773 6.09252
30.0198 30.0725
54.3824 57.6638
54.5588 55.2856
46.1886 50.0884
21.6426 21.9509
54.739 55.159
55.9407 56.9177
10.5515 13.4948
94.339 95.2775
25.4615 29.0393
65.642 65.9633
37.7175 37.8831
6.71177 7.12739
12.0107 12.7215
77.1298 77.9465
2.45388 2.81308
62.8126 63.7415
40.4079 41.4877
13.7651 14.0024
51.7011 52.2769
19.3291 19.7149
17.7872 18.7107
66.2917 66.4124
2.50785 2.70089
17.6359 18.2645
8.42045 9.13721
94.5405 94.9336
46.6764 46.768
74.9071 75.0633
28.1704 28.2219
55.6548 61.2059
25.4887 27.9048
54.9255 55.1479
63.0958 65.3206
34.6719 35.3117
7.18317 8.78419
52.7798 53.8086
18.6203 19.3552
0.605969 0.847043
1.63221 2.47482
62.3231 63.0056
56.3079 57.1251
90.52 90.9077
9.83696 9.87014
77.7279 77.9583
39.7789 40.0597
32.6559 32.8123
29.2037 32.6788
4.60014 5.88236
45.9065 46.2205
36.264 36.4127
53.289 53.9219
72.516 72.7208
36.8631 37.5847
45.2645 45.9665
90.5205 91.517
80.4845 81.3026
11.8936 12.0333
92.0446 92.2959
85.3529 89.8493
42.3961 42.8162
43.9781 44.1089
72.4279 72.5183
16.292 16.3527
92.2767 92.5949
6.53607 6.75964
5.78351 6.4326
27.9911 28.3063
74.697 74.7339
91.1476 96.5909
0.383473 1.11832
46.4268 48.0872
65.651 66.2991
26.2879 27.1996
7.73819 7.93439
85.0571 85.4101
28.1568 28.3505
52.001 52.3056
68.7771 69.1422
20.029 21.4426
39.6775 40.8264
9.82828 10.5584
81.8933 82.1657
97.316 97.4737
87.8382 88.4454
13.2962 13.3841
88.0776 88.3916
37.3562 40.2332
54.7873 55.5222
44.2065 44.96
35.7977 35.8781
0.959316 1.55307
36.1454 37.6171
23.2422 24.8956
59.3096 59.6295
22 22.2255
0 0.242051
50.0352 66.2481
80.9235 80.975
62.1137 62.1532
5.94137 6.24149
94.2825 94.58
23.8612 23.9658
48.7107 48.8707
65.3293 65.913
83.4975 84.1834
35.8664 36.1747
10.8494 11.6693
14.6771 14.8412
95.0002 95.4391
81.4793 81.7692
47.3581 47.4678
21.8917 22.8682
41.597 41.6822
6.27975 6.48944
46.7788 47.8895
75.8636 76.0806
82.1204 83.032
62.7879 63.4066
23.4521 23.9642
28.242 28.3457
0.166652 0.231653
15.4316 15.7793
0.148698 0.80719
54.9372 55.173
69.4263 69.9022
0.347099 0.702354
8.33488 9.19776
39.1993 40.0248
16.635 16.7792
26.8875 32.7772
66.696 68.035
72.1669 72.3231
99.1838 99.2374
40.9728 41.2115
86.7837 87.106
98.0932 98.1888
96.4122 97.2605
4.72925 7.05995
77.709 77.948
11.2539 12.1168
46.7308 47.5964
63.8409 64.3519
29.9317 30.2507
81.5329 81.6186
53.4421 53.7189
40.8767 41.0929
63.789 64.5443
53.8411 59.0404
32.7226 32.9501
20.4377 20.5869
62.9388 63.6411
55.4247 55.7292
31.4211 32.1687
27.7256 28.0817
52.427 53.4264
77.9208 77.9974
40.5632 41.3966
8.91094 11.6589
42.9021 43.4312
21.5561 23.6966
71.0243 72.6996
37.6557 37.7575
33.8623 33.9966
76.0438 76.5802
58.5572 58.7201
25.5121 26.1211
78.4054 78.7663
47.1719 47.2741
23.0823 23.5181
65.8024 66.0591
60.1911 60.4576
96.8279 98.6417
51.8028 53.0579
95.6079 96.2391
62.4768 62.8405
22.1811 22.2692
67.9274 68.4064
7.6003 7.91441
14.1717 15.6304
53.7098 54.8959
0.489933 1.73794
18.4921 18.6001
47.862 49.8116
8.95413 9.12743
94.039 96.9871
8.17595 8.28286
16.3564 16.8951
79.5302 80.2651
63.1684 63.1894
57.7564 58.0795
7.67717 7.8208
58.0546 58.1705
43.0022 43.7021
50.5743 50.9723
4.25644 4.46444
42.3272 42.4961
40.253 40.6271
73.3321 75.156
87.2359 88.1299
10.0039 10.1493
56.3081 56.5628
95.2081 96.1583
16.9282 17.2646
12.3322 12.4089
27 29.6504
20.3399 21.2001
15.3197 15.7286
13.017 13.8636
96.3983 97.4599
2.7352 3.45195
53.0874 53.3787
44.2045 44.5159
34.2726 35.0894
36.9435 37.8268
13.6401 14.652
4.8519 6.33597
18.1112 18.618
65.2995 65.3538
91.4323 91.7144
29.7209 29.9882
40.8957 41.1494
82.429 82.592
2.70587 3.07493
19.8032 20.0468
53.354 53.4273
72.5227 72.6608
8.50675 8.65632
26.9376 27.0193
21.4518 22.0807
1.82175 2.11083
89.6941 89.881
2.0849 2.32235
95.0058 95.3199
74.1191 74.8677
85.9157 88.8267
62.3318 62.5016
91.769 91.8627
87.8167 88.1794
70.1287 70.4275
58.3213 60.7219
18.9638 19.3096
31.7191 39.0825
0.294189 1.03096
96.508 99.4951
75.6268 75.9393
61.8911 61.9965
77.1425 77.1822
6.08659 6.56998
6.57171 7.34313
22.9855 23.225
11.3628 11.5376
71.8367 72.3542
49.0522 51.7318
95.5132 95.9848
34.161 34.6878
54.3792 54.8021
16.3676 17.5535
45.6177 45.8623
32.4451 33.3555
59.8045 60.3355
53.9158 54.3455
84.0847 84.2026
66.9202 66.973
2.54524 2.8371
10 10.4399
79.9738 80.1274
0.647115 1.09758
32.3992 32.5301
70.7846 73.673
22.0503 23.0572
32 32.3574
21.5019 22.5447
54.7448 54.7837
81.7879 82.0097
47.3881 47.5505
71.7712 72.5326
22.5159 24.8705
56.3019 56.5195
34.4985 35.4783
25.6228 27.0626
46.4971 46.6847
66 66.2505
55.2232 56.0225
64.2463 67.1477
21.3217 21.5293
82.5749 83.3059
1.44446 1.90033
16.4878 16.6655
49.2696 49.7216
70.771 74.0286
38.9363 39.1128
92.5012 93.2355
9.132 10.4426
8.24899 8.67775
17.3143 18.4768
17.1117 17.3222
11.2165 13.1808
31.6429 31.746
59.7521 60.1283
36.5395 37.0723
96.9285 97.1713
45.4059 45.5137
3.80577 3.94
44.6819 44.9757
70.6249 71.0886
42.4584 42.7087
4.57638 5.03031
0 0.141099
46.6079 46.6667
63.801 63.888
96.1274 96.4952
87.8397 87.8872
13.1184 16.0618
20.5285 21.0946
39.2854 41.5436
67.1974 67.6978
46.5968 46.8207
25.511 25.5784
18.6473 19.933
88.7448 89.1785
11.7459 13.2723
53.5716 53.7735
30.4999 31.0179
2.60997 3.06353
39.3836 39.4279
14.2104 14.265
0.760791 1.08268
7.75672 8.06168
30.5598 30.8359
10.4715 10.6321
31.9522 32.3995
48.1934 48.7044
85.1889 85.4121
38.7885 39.3424
37.815 38.0297
56.7635 57.8168
75.998 77.1663
8.2404 11.4206
61.9231 62.3525
24.3027 24.6327
57.3007 57.5021
84.4782 89.0276
68.5882 69.4605
12.4435 16.2392
49.9986 50.1341
39.391 39.4609
10.8952 11.4874
48.6166 48.9659
59 59.4049
65 66.9051
76.599 76.8362
1.77014 4.94517
73.0521 73.2226
25.3792 26.6634
77.7338 77.9086
29.3963 29.6931
4.58428 4.68189
34.4358 35.9296
76.2683 76.7585
15.0806 16.8118
87.1296 87.3765
47.8411 48.1869
57.4789 59.6465
0.751057 0.856375
29.9889 30.303
81.9223 82.9619
32.5797 38.5205
29.3908 29.6287
54.0568 54.1162
23.408 23.8183
55.8904 55.907
30.509 31.3317
36.5671 37.128
1.92965 2.27798
3.9883 4.79122
75.0188 75.4073
41.5087 41.6829
98.2066 98.483
90.8795 91.0749
69.8393 70.838
93.2552 93.4495
19.3598 19.4348
80.188 81.0603
40.0955 40.4739
33.5948 34.1738
43.8751 43.8909
12.2371 12.8664
45.6149 45.6624
44.5239 45.4355
65.6089 65.7149
87.8318 88.3539
22.3394 22.4773
55.5996 56.4208
29.4571 29.5933
70.3812 73.4147
61.3776 62.4551
34.4862 34.6291
43.4577 45.7057
82.5554 87.357
2.68797 3.56436
23.4189 23.7404
91.5342 91.5892
68.991 69.9401
74.383 74.6763
69.5835 70.1331
1.34034 1.46373
24.3253 24.6387
1.25611 1.57494
47.4899 48.7735
25.9001 26.1389
19.979 20.1185
48.1533 48.4111
23.0019 27.9372
60.353 65.5591
92.8622 93.1879
83.1434 84.0198
80.3032 82.1544
48.6722 49.3193
46.0176 46.6703
18.7754 18.8608
47.7909 47.9515
41.016 41.5884
11.1407 11.2443
52.3734 52.7318
4.2251 4.3216
26.3814 27.2635
65.1476 65.275
31.9888 32.5156
31.1032 32.3554
37.5998 37.6225
52.6311 57.2644
69.6289 69.9418
54.6314 54.9029
35.0326 36.4292
59.4394 60.2336
52.2132 52.8196
71 71.1022
76.1658 76.3918
38.8543 39.1708
51.5537 53.1218
91.1072 95.1081
38.2544 38.3592
9.37235 10.3441
6.59216 7.11126
80.917 81.8814
72 72.3636
75.6049 75.8646
57.8408 58.0456
10.6891 10.8724
90.3291 90.5398
96.2183 97.2241
42.5407 47.2496
54.4979 54.7265
63.4602 63.6569
61.5619 62.1993
24.3035 24.5375
32.0707 34.3322
32.4363 32.5961
19.8965 20.1398
13 13.1606
20.2296 20.3826
20.5523 20.6359
11.3531 12.0123
19.0582 19.4141
15.6068 15.9188
90.3458 91.1497
32.2388 32.5287
5.77792 5.93271
93.9028 94.1517
0 0.49164
41.534 41.6938
57.0832 57.2247
92.3535 92.7696
2.69446 2.81348
40.8287 41.1843
92.9038 93.0448
77.4463 78.0375
75.789 76.4238
83.2997 83.6624
8.47412 8.93413
77.4142 77.567
62.6668 63.0982
94.7031 95.3332
89.3852 89.7598
19.7197 20.0668
38 38.4717
28.9199 29.0455
81.8459 82.8417
60.5569 60.842
75.156 77.0786
12.3274 12.9052
33.4531 34.0998
11.9552 12.4519
51 51.2723
5.28344 5.41846
3.5371 4.77015
20.3241 20.4954
53.3226 53.837
71.9716 72.679
1.03075 1.33089
11.3268 11.9541
60.7375 60.9833
79.3832 80.0571
48.0755 48.3791
29.715 30.0363
40.7469 40.8956
72.308 72.4824
17.4085 17.5703
82.8152 84.8801
82.942 83.6776
89.8412 90.0077
9.23726 9.35073
39.4148 39.8224
88.7808 89.5975
6.56406 7.28188
17.9825 18.1533
91.4408 91.9869
45.471 46.0516
26.4037 26.9251
11.3948 13.3414
92.7684 93.4764
67.9548 68.7463
50.6484 51.5601
5.83443 6.1673
67.9507 69.0982
15.7928 20.2422
50.8752 51.03
98.3902 98.9228
9.12146 9.33646
12.861 13.121
2.2776 2.38442
66.4934 67.2933
86.3953 86.557
76.8056 77.1347
18.9936 19.5536
25.6125 25.9098
12.1456 13.0899
13 13.4111
34.767 34.8564
46.3575 46.5475
64.9883 65.1599
97.2721 98.0329
9.06385 10.021
11.3886 12.1549
73.2436 73.5415
4.96411 5.24625
17.1648 17.3696
12.4108 12.6266
98.0247 98.1317
25.8016 26.4594
17.7496 17.8683
47 47.6723
37.0859 37.817
28.2004 28.4685
7.05929 7.706
34.9602 35.2421
22.531 23.154
33.7747 34.0136
23.2806 23.6165
40.5049 42.1696
18.6652 19.3336
17.3127 19.7159
36.0341 36.1364
29.0814 34.3851
75.8103 75.8809
92.295 92.7019
6.60264 7.03699
49.4705 49.582
20.4876 21.7698
55.9031 58.2559
67.0519 67.154
26.1105 26.1542
79.094 79.5787
35.7177 35.808
57.5814 57.8511
4.84513 5.0126
28.7261 28.9568
9.32251 9.76156
52.4844 52.7148
3.36707 3.59228
76.516 79.3937
32.3772 32.6665
5.83559 6.63162
55.9262 56.0449
26.3249 27.6576
47.1074 48.0288
69.4258 70.582
60.5095 61.4355
8.09718 8.21915
19.6299 20.022
60.8408 61.0736
27.6977 28.5179
8.12795 8.3314
1.09048 1.92787
13.3918 14.0527
8.32136 8.55859
32.1977 32.3348
46.2447 47.9324
13.1031 13.388
8.49871 8.74074
0.337661 0.850909
23.7784 23.9069
16.7334 17.2789
69.8781 70.5118
22.9012 24.3162
86.456 86.9312
53.4476 53.5019
54.7343 54.883
72.5957 73.19
75.5472 75.9729
2.60714 2.73029
38.3557 38.9443
68.7313 69.2094
63.9927 64.4891
61.0895 61.6086
27.0802 27.1526
33.6708 34.2281
99.7556 99.8305
13.4525 13.815
54.5204 54.63
46.1456 46.5997
90.5853 91.4116
72.9517 73.0913
55.6271 55.652
20.8789 21.5218
29.6535 34.5912
46.1748 46.586
29.9031 33.7736
74.7893 75.0039
62.9028 63.0688
93.0031 93.0764
2.33176 2.70587
40.7232 41.4228
33.7901 34.1874
16.445 18.1236
81.3761 81.8143
14.7194 15.2195
85.6861 85.7511
10.71 11.2852
45.89 46.6636
42.6854 43.1097
48.034 49.5554
98.1103 98.2232
33.6292 34.0088
82.0534 82.8286
74 74.3327
9.35428 10.3097
99.0975 99.9499
12.0386 13.2306
67.6776 67.7821
44.0862 44.4423
54.0508 56.0562
78.9287 79.1633
40.9715 41.1874
61.6348 61.769
89.2556 89.4583
84.0328 84.7022
28.6711 28.7581
88.2812 88.8592
74.7864 75.6677
51.5375 51.6588
54.9274 55.5812
83.6102 84.0628
35.0839 35.2016
54.609 55.5489
20.7581 21.9041
78.6529 80.7324
83.0726 83.1116
33.8945 34.1907
16 16.8433
62.608 63.0435
95.359 96.0589
73.3622 73.5421
60.4206 60.5661
55.2422 55.4708
7.14443 8.44213
6.86592 7.18742
32.8357 33.4158
32.3818 32.8718
18.3673 19.7465
10.5595 11.0473
56.4437 56.6684
19.7558 20.7877
93.5861 94.1679
46.5656 46.7178
68.926 69.0282
90 90.2393
40.9873 41.2292
55.7614 56.9267
0.313664 0.682388
87.8328 88.7372
34.2608 35.4468
22.9632 23.1164
47.6939 47.8281
22.3314 22.7045
96.8428 97.1434
16.9863 18.085
61.4107 62.0339
54.7158 54.9517
26.7344 27.0305
7.83974 8.05828
73.9982 74.9082
53.4653 56.0489
65.4735 66.109
49.8227 57.5951
53.5094 54.2676
29.1972 29.5036
28.529 28.6508
60.2695 60.3883
26.3297 29.2273
64.0958 65.0125
32.7251 35.2165
92.4507 92.8307
32.0951 32.9409
89.4436 90.1975
52.6635 52.6909
0 8.3247
16.5139 19.6436
9.0658 9.26611
84.2215 84.3704
81.1058 81.2335
13.2699 13.9106
59.0693 59.5813
31.3355 32.1679
45.3851 45.475
33.2407 37.6397
27.1526 27.4454
63.1532 63.7359
57.8852 59.0026
12.7099 13.4183
40.8476 40.9227
55.9691 57.3841
86.9092 87.3998
52.691 53.5927
21.4903 21.5755
30.2496 30.3809
24.7124 24.8656
86.1524 86.3538
72.571 72.7199
66.5444 66.7862
2.44056 2.65448
51.3804 51.5612
70.7517 71.0378
44.6903 44.8544
25.664 26.2252
70.1313 71.1134
95.881 96.9899
34.05 34.5887
28.8493 29.5859
18 18.2761
19.9531 20.2124
35.576 37.9719
31.9215 33.2684
25.7892 26.0231
19.2797 19.3062
83.1062 83.732
40.1056 40.849
54.0186 54.2234
29.3323 29.3924
32.2152 32.3708
77.8378 77.9739
4.96522 6.03799
67.2233 67.3687
99.1044 99.9033
61.2668 61.5323
28.3283 28.666
70.2601 70.6505
6.96799 7.31577
41.712 59.6877
32.4308 33.5873
67.1117 68.0455
72.9779 73.1295
32.7438 34.7452
91.0297 91.5175
57.8768 58.5852
9.61432 9.9339
51.8749 54.5141
50.6222 50.7849
35.8655 36.8717
27.382 27.8146
60 60.7225
19.7096 20.0215
44.2535 44.5928
63.4107 63.7599
66.3102 66.5559
1.78055 2.3074
74.3871 76.7699
64.5994 65.1772
76.3169 77.0228
65.2494 65.5412
14.517 15.2232
49.3217 49.6712
15.1495 15.6027
50.2672 50.8876
42.6453 43.0835
20.2271 21.5193
63.2853 64.2824
9.41025 10.377
97.8551 98.1036
25.235 25.3261
31 32.753
94.2419 95.2008
82.6574 83.7926
94.7947 94.9238
84.9292 85.2223
74.7634 76.3411
50.0672 50.5603
4.61595 4.8631
53.0342 53.1669
6.26658 6.57865
62.7071 63.1846
0.0789813 0.16592
30.8634 31.1029
25.6578 26.1552
86.1883 86.4745
39.814 39.8604
51.0155 51.2682
35.7966 36.4073
72.988 73.1348
15.1544 45.0532
39.2939 39.531
33.1168 33.5976
73.8673 74.3213
73.6738 73.7856
3.56437 3.75984
22.592 23.2424
98.0291 98.3222
79.9816 81.0831
13 13.245
18.8608 19.204
5.23501 5.83584
63.9465 64.0997
63.7045 63.9232
38.7401 39.4429
33.3854 34.0595
0 1.60705
64.5768 64.6804
32.0924 33.9163
30.452 30.6173
92.4012 92.6483
35.0552 36.0573
13.5372 13.6583
52.0848 52.2928
44.9273 45.4376
99.6175 99.782
5.14364 7.10505
59.4221 60.2221
0 0.117868
13.6925 14.0673
3.18209 3.8285
43.0826 43.4277
36.4665 36.6857
19.5587 19.8688
18.2888 19.7553
38.5894 38.708
25.4345 25.4506
13.6414 13.8059
63.5537 67.8777
98.7742 99.1716
51.3323 51.8222
60.5955 62.5959
3.12023 3.24138
72 72.3432
75.141 75.341
78.3271 78.704
87.422 87.6887
60.2608 61.8883
96.2391 96.6311
70.8251 71.6825
89.4489 89.6194
93.4488 93.8897
95.1146 95.5164
90.1178 90.5294
55.6464 56.0625
54.7714 55.39
24.4031 24.5446
72.1459 72.8543
37.1299 37.338
78.1192 78.8541
16.0104 17.092
91.229 91.9397
37.4086 38.6711
93.198 93.6811
1.6251 1.68014
4.87836 5.11137
56.5575 58.9795
87.5085 88.3092
20 20.5808
24.4924 24.7427
25.3843 25.689
74.7484 75.5674
34.7265 35.0012
91.0423 91.0994
37.5223 38.4488
39.9833 40.5755
14.9368 16.5202
32.5386 33.7099
14.6738 14.9251
98.6293 99.7352
41.7393 41.7706
28.0079 28.4734
51.0443 53.379
35.1757 36.1179
24.1616 24.789
24.0128 24.2818
69.2124 69.7055
86.6471 88.1826
12.6658 12.7634
22.2991 22.9138
57.8677 58.3501
0.744389 2.31418
71.8687 75.6108
2.81348 3.01079
47.1291 48.1275
47.2143 47.8636
11.6799 12.2564
54.0892 54.678
46.8222 47.3816
43.1819 43.7983
98.6754 99.0864
13.3782 13.8595
31.8402 32.577
58.083 59.0573
76.8 77.0164
75.7558 76.3169
20.2041 20.8377
25.5312 26.0565
12.6049 13.1992
6.73408 6.83736
55.079 55.2269
16.2961 17.0496
3.85138 5.14364
50.0875 50.9403
25.9905 26.0678
13.5543 13.7341
32.5567 32.8873
25.4001 25.6372
3.44571 4.31044
98.9364 99.0725
0.651515 1.34713
36.9572 37.9601
71.0138 71.1772
33.2454 37.5225
30.1472 30.3396
61.6317 61.875
39.4415 39.8102
83.5676 83.7534
41.9133 42.6898
10.4536 10.6068
1.44594 1.7469
22.3676 23.6323
82.7405 83.0297
78.953 80.5307
10.0753 10.5627
3.30233 3.33528
83.892 83.9434
10.212 10.3607
58.368 59.0473
22.854 23.238
61.1335 61.527
9.23951 9.41087
82.4119 82.9466
2.25597 5.5569
86.14 86.3412
26.9142 27.0173
43.1055 43.5409
42.1513 42.5306
13.1901 14.0435
39.5651 39.6849
17.8018 18.3983
81.0001 81.4255
51.6444 52.85
6.75907 6.99946
49.1824 49.5376
47.6145 48.4356
37.6888 38.2834
10.0902 10.6123
53.9403 54.2683
26.1471 26.7782
39.802 41.0997
54.1971 58.8304
50.4237 52.134
38.582 40.253
73.6722 74.4721
19.4961 19.6515
33.7184 34.0869
52.5907 53.16
79.6456 80.5246
44.2531 45.9085
24.223 24.4726
7.94215 8.0518
76.5396 77.1794
90.8151 91.3587
79.8717 80.5425
13.6929 14.4464
1.21027 1.79701
2 2.60365
43.5051 43.9713
92 92.4324
70.5678 70.7902
85.3869 85.6156
64.2542 64.5931
46.2573 46.8613
40.1858 40.4448
91.5568 93.5579
2.45923 3.1873
42.1743 42.341
67.9914 68.0795
10.279 16.6006
47.0007 49.1825
61.5866 62.652
71.2851 74.9152
53.4957 53.6148
25 25.1174
79.5154 79.9332
26.4487 28.9891
44.1023 44.3848
60.7074 60.9328
34.6621 35.001
12.1319 12.233
7.64603 7.89234
22.6985 24.2633
96.1338 97.9458
55.7103 56.6261
8.04055 9.98125
69.3644 69.4162
80.2976 80.8196
48.5393 48.84
82.5462 82.6154
4.42937 5.49132
19.8975 20.1888
18.5892 18.9826
15.7739 16.6401
67.4534 67.5725
84.2627 84.3401
38.9466 39.2654
0 0.49092
5.1202 6.76416
38.0958 38.5984
47.5872 47.7403
17.2663 17.6689
23.5183 23.9145
3.93193 8.25211
94.7407 95.6228
23.5357 35.4488
24.6546 24.7291
10.6759 10.8543
5.90379 5.97741
97.7603 98.52
94.0905 94.3498
94.4292 96.1037
49.9474 50.0574
16.9431 17.0038
92.8726 93.2619
3.25251 4.29539
23.9608 24.154
95.3597 95.6712
61.5875 63.0541
81.8478 81.9868
25.3849 25.4477
7.30532 10.9517
64.3115 64.6418
74.8528 75.0923
19.0404 19.1273
11.1738 11.841
71.5553 72.3886
97.1492 98.4544
21.3414 21.6773
27.716 27.8059
0.342194 0.669887
20.0043 20.4226
24.4245 24.722
33.3164 33.435
72.2213 76.3613
82.4019 82.6061
86.5913 87.2674
6.77107 7.06231
53.0111 54.5326
77.8213 79.4441
88.7344 89.0305
14.6041 15.004
72.4521 73.826
62.7751 63.0531
94.0085 94.2608
53.5017 54.4684
8.88076 9.394
23.5321 23.824
75.1582 75.3053
23.9514 24.3459
34.7832 35.0186
89.5344 90.3522
65.7507 65.8538
30.3435 30.581
0 0.513247
1.85664 1.92718
13.3667 13.7985
54.3655 54.7034
9.25261 9.64187
64.3465 64.7855
2.19287 2.42168
42.2923 42.7212
37.4025 38.0527
52.2949 52.955
72.0996 72.2496
26.8352 27.0041
80.3091 80.4882
23.6686 23.8601
57.9532 58.816
88.5186 89.2849
56.033 56.3557
11.744 11.8944
89.2338 90.3913
97.455 97.5308
63.2942 63.7414
2.0202 2.58308
77.7609 78.0856
9.76573 10.014
95.2439 95.7034
22.1442 23.6661
6.78329 7.14443
41.7884 42.6856
69.3031 69.6034
26.9337 27.3014
70.55 71.4651
71.525 71.8184
48.5717 48.8525
0.275698 0.833442
3.38985 3.45386
42.298 43.4605
92.216 99.5169
31.1029 31.4028
45.7429 47.0895
58.7385 58.8558
21.9381 22.2135
69.421 69.7457
71.2718 72.6299
47.3785 47.697
73.8889 75.2519
4.8054 5.85292
25.6289 26.2013
54.0022 54.5576
56.9304 61.1647
83.6308 84.4268
0.530474 0.990206
44.4659 44.5733
77.6956 77.9939
34.9896 36.1948
53.2973 54.3913
45.4855 46.9764
65.0115 65.4565
2.409 3.92218
77.0833 77.543
83.7011 84.5094
78.4462 78.4717
38.4591 39.0703
0.562769 0.95164
88.5052 88.7051
11.6519 12.3327
1.43218 1.89449
24.9384 25.3028
97.8365 98.5282
88.0594 90.0081
51.7159 52.4413
41.0092 41.2316
94.6857 94.9998
49.382 49.4961
37.6271 38.1321
72.0162 72.4161
72.8531 73.0407
56.909 58.9685
96.002 96.5556
3.9719 6.02807
63.0802 65.438
74.1514 74.3543
36.5511 36.9989
98.2801 98.4374
21.8651 22.1009
85.1619 85.5372
62.9698 63.3679
97.3842 97.7283
85.9808 86.8809
69.8246 69.8761
24.0115 24.4442
80.9538 81.2764
9.24271 9.40832
29.9315 30.1251
44.1075 44.476
23.3196 23.3639
70.3922 70.5677
26.8503 26.8696
44.3945 44.7244
40.1917 40.4753
42.664 42.933
61.6499 62.0272
11.9006 12.3913
56.4076 56.4622
48.1803 48.3916
5.16019 5.85185
58.9509 59.0646
39.5464 39.7211
71.9434 72.5998
32.9992 33.0227
69.3231 70.0286
52.6855 53.1965
15.9007 16.2377
54.7386 55.6464
21.1487 21.4307
16.8449 17.5912
43.2078 43.3301
18.6521 18.7863
8.57242 8.69389
56.5472 57.0763
40.7942 44.5415
23 23.6015
87.8257 88.2553
21.7604 21.7753
64.6321 64.9954
20.0822 21.1487
4.01216 4.97309
68.6366 70.4879
61.1879 61.3524
75.4842 75.9559
77.5795 78.4303
24.0132 24.3508
17.9764 19.4483
40.5643 41.7598
30.1306 30.6024
55.4548 58.7993
49.7283 49.931
65.4297 66.2202
95.0239 95.2994
9.86272 11.026
36.1468 36.5558
3.39475 6.08194
15.5942 18.3655
98.3125 98.4266
69.8289 70.5903
40.2777 40.5539
26.6404 27.0758
59.0612 59.544
38.617 38.7724
0.723197 1.39207
42.4768 43.0699
40.011 41.7652
24.2779 24.3636
40.1189 41.7773
58.1308 58.3944
32.6225 33.2176
41.5116 42.0388
45.3234 46.223
75.2244 78.8061
87.3551 87.5805
76.317 76.9175
73.1517 74.7075
1.17603 1.21507
89.2004 89.2518
27.9144 29.6182
47.0914 47.3614
46.1116 46.5928
0.146719 0.595374
52.757 53.5678
73.7134 74.1899
0 0.0882033
27.0389 27.3867
52.7495 53.9403
79.6308 79.7839
16.981 17.3285
85.0219 86.3958
48.8391 54.3667
88.9841 89.0419
93.307 93.5356
12.3721 12.6536
24.6858 26.2287
66.8043 71.786
73.3813 73.5353
38.8594 40.5252
19.1481 19.2578
43.6335 44.5024
63.9287 65.2438
3.29248 4.20025
13.2215 14.5777
92.3247 92.8859
72.8732 72.9304
25.3803 26.4619
91 91.2243
15.0764 16.6804
98.9289 99.8943
30.4476 30.8475
94.3709 94.6524
98.1234 98.3212
9.31395 9.40312
2.30368 2.78243
34.5166 34.6984
51.7925 51.9574
67.0737 67.2305
22.6805 23.5009
48.9733 49.2234
48.0774 48.1249
20.0437 20.407
45.5137 47.5011
58.8437 58.9624
9.19935 10.7398
84.772 85.1168
77.0085 77.6603
97.1203 97.4764
16.8816 17.3198
27.9254 28.5409
47.5586 47.6868
35.2467 35.6494
46.4414 47.2315
38.5382 39.0798
15.6171 17.6859
3.68005 4.28199
21.0696 21.6436
4.52648 4.57261
49.8835 50.0762
10.0162 10.8746
54.5339 54.7254
25.006 27.7604
43.9305 44.2956
81.4955 81.627
13.0114 13.4972
42.1596 42.7855
48.2262 48.9078
12.9928 13.6013
42.2859 42.5317
84.9703 85.4018
56.6775 57.9528
13.3851 14.5466
26.2197 26.2881
52.2694 53.2277
57.6713 59.2482
48.4701 50.2312
58.9208 60.9884
15.2765 16.151
82.0703 82.4315
10.5352 11.0467
28.9817 29.1906
5.99992 6.63158
28.0797 28.2449
54.9399 56.4614
12.5246 12.9244
17.5673 18.4381
48.3593 48.8802
36.3009 40.0705
26.6172 27.9122
76.0059 76.1435
59.6512 60.3813
42.9966 43.8534
44.5956 44.6534
81.6779 82.2782
67.9254 68.0738
27.089 27.3785
29.1725 30.2154
40.8452 41.2049
90.4545 90.7087
6.71112 7.24643
56.1538 57.4708
57.511 58.4942
14.4595 15.1657
21.5947 23.7484
89.1693 89.4235
62.653 62.7071
27.4779 27.5768
45.8499 46.1221
25.335 25.4444
42.8153 42.9005
74.4663 74.7369
85.7904 88.081
32.365 33.097
95.3518 95.5383
30.7815 30.8777
86.2713 86.4927
34.5914 35.9928
55.4043 56.6529
53.9217 54.7873
84.0621 84.3716
25 25.2909
15.9287 19.3473
16.4686 16.537
97.9934 98.2324
48.7176 49.551
7.8788 8.1756
52.2571 53.125
73.5007 73.754
57.3538 57.9969
84.3903 84.8239
90 90.0878
23.293 23.3171
88.0106 93.6644
85.5505 86.0921
32.8796 32.9719
37.7817 37.953
84.0882 84.6697
23.1906 23.5634
63.6162 64.0958
10.7423 15.3806
63.0306 63.3836
10.3204 10.4955
53.7396 53.9513
23.0744 23.5985
52.0715 52.2483
78.3991 78.5483
69.1683 69.429
24.6268 24.7692
60.0059 60.1236
23.2352 23.356
29.1154 29.3512
93.2634 93.8172
33.7687 34.0942
55.83 56.0984
2.32421 3.18949
54.4984 54.7307
20.1411 21.1748
5.29489 5.60926
4.16344 4.85041
36.4056 36.6429
6.77031 7.16441
21.327 21.5419
14.901 15.0899
56.2713 56.536
15.4114 15.6061
50.8966 51.1425
11.551 11.7209
19.8842 19.9116
80.3232 80.7331
21.8267 21.9783
54.5579 55.7151
33.8373 33.9616
75.1249 77.4569
84.4124 84.5092
61.1198 61.2384
3.49152 3.72196
89.6748 90.0935
96.9437 97.3832
82.8642 83.9964
79.2683 79.4946
66.9405 67.2836
92.8458 93.0166
62.3292 62.7415
39.7475 40.7009
71.8639 72.3429
21.1729 21.4716
19.2146 19.5389
26.7919 27.4884
16.1441 17.4328
73.2742 73.4803
61.4031 63.1754
64.4127 64.482
30.4549 35.7586
2.32331 2.77964
51.4201 51.6254
56.1443 56.5219
95.567 95.676
79.3347 81.5133
4.3047 7.46016
34.0027 34.176
30.8781 31.0655
56.5482 58.2311
74.7987 75.0207
54.1803 54.2287
21.5391 22.1003
22.9739 23.1616
71.8908 72.7653
35.6746 36.2054
19.829 20.0369
71.0752 72.0106
46.7818 47.802
50.1546 50.4439
91.274 91.4266
0.857174 1.2541
62.7111 63.1045
96.9225 97.2153
83.5829 84.7942
16.913 18.2321
46.6527 46.8703
48.0866 48.6057
36.4153 36.5223
22.748 22.857
98.0878 98.145
12.9175 13.1678
95.1838 96.8907
26.5253 27.3431
26.9875 27.2465
45.4135 45.9551
36.3535 36.7352
76.901 77.2672
87.9377 88.2339
59.0893 59.8734
83.0199 83.6201
30.4952 30.78
77.92 78.6532
37.1769 37.3925
74.3114 74.8581
16.6147 16.9889
3.06139 3.74186
47.4044 48.1354
54 54.835
21.3877 21.7695
95.4436 95.8512
69.952 70.4905
0.298458 0.573343
25.4293 26.0919
19.1915 19.5067
53.4628 53.7435
0.798914 0.985511
42.7285 43.168
23.1225 23.353
6.60347 6.94942
82.4549 82.7925
24.5089 24.905
71.3338 72.343
60.124 60.3217
51.3479 51.6829
6.83019 7.05298
8.19419 8.90359
71.3901 71.5827
78.7687 78.9548
30.5488 31.3514
71.2684 72.2537
94.9244 96.4122
20.7498 21.5728
22.7498 23.1775
14.0141 14.3871
35.58 36.0005
8.04328 8.22007
52.3882 53.0114
34.6583 34.847
98.6496 98.9776
79.3655 79.5304
92.7928 93.0451
27.1978 27.2881
15.1081 15.6262
54.5527 54.9493
86.0516 86.2911
83.4098 84.0793
6.59834 8.1157
17.3915 18.3829
98.1382 98.5192
34.0654 34.1041
16.0327 17.2455
56.2373 56.5624
74.9449 75.14
71.5755 71.8405
28.4629 29.9303
63.9463 64.24
13.2062 13.255
87.7664 88.5875
41.4953 42.5115
33.6249 33.9223
56.6296 56.764
34.8206 47.2406
9.18641 9.7339
86.5237 87.1641
67.4697 67.5767
76.8548 77.2218
46.7952 47.3605
56.1281 56.6032
52.1888 53.7658
71.6003 72.5452
49.1197 49.2798
73.105 74.3179
98.3911 98.7769
66.2606 76.0934
44.3233 45.1757
50.6065 51.8373
70.1097 70.5581
20.3689 20.5716
19.7173 20.0236
27 27.6276
83 83.732
48.9704 49.1917
0.197552 0.295615
79.9105 80.326
21.0649 21.3838
20.2859 21.399
69.8415 72.7525
43.8798 44.2188
83.8218 84.0912
19.4818 19.7252
68.7293 69.3162
90.7981 92.0151
4.66342 6.62152
45.5321 45.6944
79.9545 80.06
28.7694 29.1894
48.2063 48.7019
16.0251 16.5167
2.49605 3.60193
10.0965 10.2389
75.2747 75.4045
84.2838 84.5231
77.3653 77.638
0.722724 1.04538
16.8627 17.3872
58.7287 58.806
53.905 54.1438
36.3112 36.3596
72.0405 72.6298
70 71.0187
31.2019 31.5271
74.5324 74.5964
93 95.9609
37.1815 37.3689
85.1342 86.1504
7.2495 7.86381
22.1191 23.4736
69.6892 70.0289
58.0373 59.353
99.1266 99.7602
48.1016 48.4598
41.295 41.793
23.0065 23.3048
91.6771 91.8852
29.1693 29.6586
58.1216 58.3797
42.814 43.0609
30.607 31.046
94.9165 95.1358
95.6168 96.5548
18.3075 18.5371
42.8373 45.5169
98.3545 98.4821
2.67156 3.63916
69 70.7479
44.5911 45.0312
3.12636 3.50194
20.5971 20.8131
26.3882 28.0698
80.4858 80.8586
6.5305 7.63077
65.4373 65.9947
7.86654 8.08974
76.4237 76.7305
5.2645 6.79528
92.458 92.6064
80.5002 80.7031
68.9445 69.0343
16.7273 18.5936
18.9522 19.1546
0 0.0249561
48.424 48.7359
7.37517 7.59169
60.0719 60.3656
6.89716 8.74801
25.4552 27.3888
97.0344 99.0589
77.3619 77.8598
43.928 46.3775
27.2126 27.3444
97.0562 99.4684
81.192 81.3468
93.3906 93.7255
52.3826 61.5136
37.2893 37.5122
34.5985 34.7457
14.2489 15.155
59.6931 60.2117
75.6929 76.3574
35.5473 36.0879
97.6361 97.7079
29.9185 31.0011
43.7498 46.5448
44.759 45.1209
5.59384 6.90758
72.6519 73.1224
77.16 77.5257
88.8446 89.023
11.5181 12.0465
68.363 70.2218
1.02916 1.49531
10.9722 11.1327
85.3724 85.4901
43.7344 46.3991
7.00292 7.20998
58.011 58.5675
27.8018 28.0992
30.4973 30.942
88.1715 88.8126
59.6372 60.023
46.3545 46.4195
13.9032 16.5564
73.0961 73.1371
16.756 17.5028
83.4502 83.6806
14.1589 15.608
82.971 83.7364
22.37 22.8641
45.747 45.8827
56.2323 56.4226
32.932 33.4195
63.1517 63.6184
91.6029 92.2377
92.4303 93.3695
84.9272 84.9527
22.3492 25.8888
98.0362 98.0969
95.1708 95.2894
28.2453 28.8611
90.1326 91.0357
43 44.16
7.09447 7.20455
7.74354 8.44733
5.95047 6.10686
21.4215 21.9114
22.0642 22.4036
14.0998 14.242
71.8667 73.0895
72.2087 72.5903
8.10533 8.4063
57.9257 59.2006
74.6297 75.2455
81.2586 81.7918
90.7911 92.3872
78.7858 82.4229
18.1918 18.6628
4.89758 5.86333
11.5386 11.7154
40.632 40.8477
90.5562 91.0554
90.4156 90.4965
21.9537 22.0667
98.1132 98.7174
48.2611 48.7993
49.0708 49.4201
60.5542 64.8749
57.2733 57.6491
50.45 51.2401
31.0407 31.551
6.65436 8.2404
34.8601 35.3302
64.3551 64.6233
34.6425 34.7478
