Test #1
108 234 242 257 263 282 325 331 408 414 461 

Test #2
4 48 55 67 134 264 417 451 481 482 

Test #3
40 61 125 128 192 212 299 377 392 393 437 

Test #4
15 102 109 142 147 206 253 276 283 310 315 449 

Test #5
17 103 124 136 173 268 332 445 464 

Test #6
38 56 92 118 165 214 217 279 284 286 499 

Test #7
1 247 334 370 378 394 435 

Test #8
34 54 85 193 202 237 342 395 399 

Test #9
17 103 114 124 136 173 268 332 335 445 464 485 

Test #10
14 148 179 210 239 294 375 425 458 473 

Test #11
13 62 63 175 258 317 338 376 390 428 441 460 

Test #12
51 302 345 369 415 443 452 472 

Test #13
57 121 132 150 184 216 226 241 307 312 336 388 

Test #14
13 20 62 63 175 258 317 338 363 376 390 428 441 460 

Test #15
65 72 131 140 213 314 400 

Test #16
6 59 79 99 108 234 251 263 325 372 408 414 

Test #17
36 80 167 182 300 326 333 354 397 403 413 

Test #18
30 31 78 123 187 277 427 

Test #19
48 67 134 297 417 451 481 482 

Test #20
1 107 247 356 370 378 394 478 

Test #21
52 65 72 105 131 140 213 314 400 406 486 

Test #22
108 234 242 257 263 282 325 331 408 414 461 

Test #23
37 112 292 367 

Test #24
5 230 254 431 462 475 487 490 

Test #25
27 95 156 164 220 225 262 274 389 409 411 442 469 480 

Test #26
36 137 311 373 

Test #27
116 129 152 195 223 248 260 267 318 359 371 379 384 440 491 

Test #28
15 57 102 109 142 147 150 206 226 276 310 312 315 336 386 

Test #29
20 45 52 105 122 213 363 400 406 486 

Test #30
19 87 127 128 139 212 236 392 412 429 457 

Test #31
62 91 104 166 303 441 450 492 

Test #32
36 80 167 300 326 354 397 413 

Test #33
10 66 133 208 223 260 309 347 359 371 379 383 384 491 

Test #34
12 59 79 96 112 251 367 423 

Test #35
14 148 179 210 239 272 294 375 425 473 

Test #36
29 73 177 178 298 321 340 361 447 463 

Test #37
151 234 242 257 263 282 296 331 408 461 

Test #38
98 171 174 185 190 219 280 285 316 323 346 353 433 444 467 470 

Test #39
7 126 153 227 381 387 446 497 

Test #40
40 61 71 125 172 192 299 377 393 437 

Test #41
32 89 94 115 138 256 362 466 

Test #42
76 151 296 438 

Test #43
17 103 124 136 173 268 332 445 464 

Test #44
76 151 242 282 296 438 461 

Test #45
74 168 199 269 270 334 357 435 448 

Test #46
4 55 67 134 264 366 417 451 481 

Test #47
81 161 211 233 259 329 348 430 488 489 

Test #48
106 114 124 136 173 268 288 332 335 445 464 485 

Test #49
29 73 135 155 183 224 291 322 344 361 381 446 

Test #50
7 126 135 153 155 227 291 381 387 446 497 

Test #51
6 59 79 99 108 234 251 263 325 372 408 414 

Test #52
76 151 438 

Test #53
86 179 272 294 375 473 

Test #54
135 155 224 291 322 344 381 446 

Test #55
2 64 156 158 185 189 190 203 323 327 339 444 467 

Test #56
43 130 132 160 184 216 241 246 307 388 

Test #57
35 78 123 187 233 277 364 

Test #58
18 28 275 292 349 418 

Test #59
16 46 100 110 113 144 231 273 350 484 496 500 

Test #60
10 66 133 208 260 309 347 371 379 383 384 491 

Test #61
88 94 115 138 146 287 305 380 416 422 434 483 

Test #62
9 25 44 60 188 194 265 266 290 308 343 351 398 407 454 

Test #63
19 87 127 128 139 212 236 299 377 392 412 

Test #64
75 119 202 250 304 313 399 471 495 

Test #65
8 169 170 200 244 424 453 

Test #66
25 180 240 295 455 493 

Test #67
135 155 224 227 291 322 344 381 446 

Test #68
26 222 253 283 352 365 432 436 449 474 

Test #69
38 42 92 118 165 182 214 217 279 286 306 333 403 

Test #70
34 75 85 193 202 237 342 395 399 471 495 

Test #71
106 114 124 136 173 268 288 332 335 337 445 464 485 

Test #72
88 90 149 287 305 320 360 416 468 

Test #73
6 79 99 108 234 263 325 372 408 414 

Test #74
76 151 282 296 438 461 

Test #75
4 55 134 232 264 366 417 451 481 

Test #76
10 46 66 133 208 260 309 347 371 383 384 

Test #77
18 37 112 292 349 

Test #78
7 126 153 227 381 387 497 

Test #79
29 73 177 183 298 321 322 340 344 361 447 463 

Test #80
222 302 345 352 436 443 452 472 

Test #81
34 75 85 119 193 202 237 250 304 395 399 471 495 

Test #82
86 140 272 294 314 

Test #83
56 68 143 197 284 421 479 499 

Test #84
51 302 345 369 415 443 458 472 

Test #85
6 12 59 79 96 99 251 367 372 423 

Test #86
27 156 164 220 225 274 389 409 411 442 469 480 

Test #87
3 19 41 69 84 87 127 139 198 236 261 404 412 429 457 

Test #88
62 91 104 166 303 441 450 492 

Test #89
1 107 247 356 370 378 394 478 

Test #90
65 72 86 131 140 213 272 314 400 

Test #91
180 240 295 455 493 

Test #92
14 51 148 179 210 239 294 375 425 458 473 

Test #93
34 54 85 193 202 237 342 395 399 

Test #94
5 30 47 49 230 243 254 385 427 462 487 490 

Test #95
51 210 302 345 369 415 443 458 

Test #96
40 61 87 125 128 139 212 299 377 392 393 437 

Test #97
14 51 148 179 210 239 294 375 425 458 473 

Test #98
37 112 292 367 

Test #99
24 106 107 288 335 337 356 396 478 485 

Test #100
20 45 52 105 122 131 213 363 400 406 486 

Test #101
21 23 44 181 188 209 275 308 328 358 398 426 456 465 477 

Test #102
6 99 108 234 257 263 325 331 408 414 

Test #103
8 169 170 200 244 424 453 

Test #104
33 70 77 93 200 244 

Test #105
35 78 123 161 187 233 277 329 364 

Test #106
3 16 41 84 100 113 231 261 273 404 484 496 500 

Test #107
13 62 91 166 175 303 441 450 492 

Test #108
20 45 52 65 105 122 131 213 363 400 406 486 

Test #109
98 171 191 219 285 316 353 405 433 470 494 498 

Test #110
101 157 159 163 245 249 271 281 391 401 402 419 

Test #111
11 39 120 178 221 341 374 382 410 

Test #112
83 91 104 145 154 166 303 441 450 492 

Test #113
137 162 215 229 311 373 

Test #114
81 120 211 259 348 374 410 430 488 489 

Test #115
30 31 35 78 123 187 277 364 427 

Test #116
116 129 152 195 223 248 255 267 278 318 355 359 379 384 440 491 

Test #117
40 61 71 125 172 192 393 437 

Test #118
34 48 54 85 193 237 297 342 395 482 

Test #119
17 103 180 240 295 455 493 

Test #120
31 35 78 123 187 277 364 

Test #121
302 345 369 415 443 452 472 

Test #122
101 116 129 152 163 195 223 248 255 267 278 318 355 359 440 491 

Test #123
101 157 159 163 245 249 271 281 391 401 402 

Test #124
109 142 147 253 283 310 315 449 474 

Test #125
4 55 228 232 235 264 366 476 

Test #126
36 80 137 167 300 311 354 373 397 413 

Test #127
1 24 107 247 356 370 378 394 396 478 

Test #128
15 57 102 109 121 150 206 226 276 307 312 336 386 388 

Test #129
76 111 438 

Test #130
12 59 96 112 251 367 423 

Test #131
7 33 70 77 93 126 153 387 497 

Test #132
135 155 183 224 291 322 344 381 446 

Test #133
29 73 177 183 224 298 321 322 340 344 361 447 463 

Test #134
95 117 164 220 228 232 235 238 262 409 469 476 

Test #135
34 48 54 67 85 237 297 342 395 482 

Test #136
36 137 300 311 354 373 397 

Test #137
111 159 249 281 330 401 419 438 

Test #138
65 72 86 131 140 213 272 314 400 

Test #139
22 98 191 205 289 405 470 494 498 

Test #140
17 103 124 136 173 295 445 464 

Test #141
162 199 215 229 270 293 

Test #142
16 100 110 113 144 231 273 484 496 500 

Test #143
50 75 97 119 141 186 196 207 250 304 313 439 471 495 

Test #144
25 180 240 265 290 295 455 493 

Test #145
27 95 117 156 164 220 225 238 262 274 389 409 411 442 469 480 

Test #146
35 78 123 161 187 233 259 329 364 

Test #147
11 39 177 178 298 321 340 341 382 447 463 

Test #148
10 129 133 195 208 223 248 260 347 359 371 379 383 384 440 491 

Test #149
29 73 177 183 224 298 321 322 340 344 361 447 463 

Test #150
43 130 132 160 184 216 241 246 307 388 

Test #151
95 117 164 220 225 228 235 238 262 409 469 476 

Test #152
12 37 112 292 367 

Test #153
50 97 141 186 196 207 319 439 

Test #154
18 37 112 292 349 367 

Test #155
4 48 67 134 264 417 451 481 482 

Test #156
4 55 228 232 235 264 366 476 

Test #157
76 151 438 

Test #158
36 80 167 300 311 326 354 397 413 

Test #159
89 256 301 324 362 466 475 

Test #160
30 31 47 49 230 243 254 385 427 462 487 490 

Test #161
111 159 249 281 330 419 438 

Test #162
137 162 215 229 373 

Test #163
137 215 229 311 373 

Test #164
13 20 62 63 175 258 317 338 363 376 390 428 441 460 

Test #165
50 75 97 119 141 186 196 207 250 304 313 439 471 495 

Test #166
38 42 56 92 118 165 214 217 279 286 306 

Test #167
171 174 185 190 219 280 285 316 323 327 339 346 353 433 444 467 470 

Test #168
76 151 296 438 

Test #169
20 45 52 63 105 122 258 317 338 363 376 390 406 428 460 486 

Test #170
222 302 345 352 436 443 452 472 

Test #171
8 71 169 170 172 200 424 453 

Test #172
2 64 156 158 185 189 190 203 323 327 339 444 467 

Test #173
1 247 334 370 378 435 

Test #174
40 61 71 125 172 192 299 393 437 

Test #175
36 80 167 300 326 354 397 403 413 

Test #176
68 82 143 176 197 204 421 459 

Test #177
75 119 202 250 304 313 399 471 495 

Test #178
35 78 123 187 233 277 329 364 

Test #179
10 46 66 133 208 260 309 347 350 371 383 

Test #180
135 155 183 224 291 322 344 381 446 

Test #181
18 37 112 292 349 367 

Test #182
151 234 242 257 263 282 296 331 408 461 

Test #183
222 302 345 352 369 436 443 452 472 

Test #184
12 37 96 112 292 367 423 

Test #185
29 73 177 178 183 298 321 322 340 344 361 447 463 

Test #186
15 57 102 109 121 150 206 226 276 312 315 336 386 388 

Test #187
17 103 124 136 173 295 445 464 

Test #188
20 45 52 63 105 122 213 363 400 406 460 486 

Test #189
14 51 148 179 210 239 345 369 415 425 458 473 

Test #190
86 140 272 294 314 

Test #191
16 46 100 110 113 144 231 273 350 484 496 500 

Test #192
36 80 167 182 300 326 333 354 397 403 413 

Test #193
22 53 58 191 201 205 252 289 368 420 494 

Test #194
8 71 169 170 172 200 424 453 

Test #195
22 191 201 205 289 368 405 420 494 498 

Test #196
83 91 104 145 154 166 303 441 450 492 

Test #197
7 33 77 93 126 153 227 387 497 

Test #198
222 302 352 365 432 436 443 452 472 

Test #199
24 106 107 288 335 337 356 394 396 478 485 

Test #200
6 99 108 234 257 263 325 331 408 414 

Test #201
8 169 170 200 244 424 453 

Test #202
30 31 47 49 243 277 385 427 487 490 

Test #203
114 124 136 173 268 288 332 335 445 464 485 

Test #204
35 78 81 161 233 259 329 364 430 488 

Test #205
68 82 143 176 197 204 421 459 

Test #206
21 23 28 181 209 275 328 358 418 426 465 477 

Test #207
30 31 47 123 187 277 427 

Test #208
50 75 97 119 141 186 196 207 250 304 313 439 471 495 

Test #209
86 179 272 294 375 473 

Test #210
4 55 228 232 235 264 366 476 

Test #211
7 126 153 227 381 387 446 497 

Test #212
50 97 141 186 196 207 319 439 

Test #213
21 23 44 181 188 209 275 308 328 358 398 426 456 465 477 

Test #214
18 28 275 292 349 418 426 

Test #215
18 28 37 112 292 349 

Test #216
26 109 142 147 253 283 310 315 449 474 

Test #217
27 156 164 220 225 274 389 411 442 469 480 

Test #218
3 16 100 113 144 231 273 484 496 500 

Test #219
29 73 135 177 183 224 298 321 322 340 344 361 447 463 

Test #220
88 90 146 287 305 320 360 380 416 468 483 

Test #221
17 103 124 136 173 268 332 445 464 

Test #222
64 158 174 185 189 190 280 285 323 327 339 346 433 444 467 

Test #223
15 57 102 121 150 184 206 226 276 307 312 336 386 388 

Test #224
50 97 141 186 196 207 250 304 313 319 439 

Test #225
101 157 163 245 255 271 278 355 391 401 402 

Test #226
35 81 161 233 259 329 364 430 488 

Test #227
53 58 83 91 104 145 154 166 252 303 450 492 

Test #228
20 45 52 65 105 122 131 213 363 400 406 486 

Test #229
6 79 99 108 234 263 325 372 408 414 

Test #230
48 54 67 297 342 417 451 482 

Test #231
36 80 137 167 300 311 326 354 373 397 413 

Test #232
26 222 253 283 352 365 432 436 449 474 

Test #233
11 39 178 221 298 321 341 382 447 463 

Test #234
9 44 60 181 188 194 266 308 358 398 407 454 456 477 

Test #235
6 79 99 108 234 263 325 372 408 414 

Test #236
11 39 120 211 221 341 348 374 382 410 489 

Test #237
19 41 69 84 87 127 139 198 236 261 404 412 429 457 

Test #238
62 91 104 166 303 441 450 492 

Test #239
11 39 120 211 221 341 374 382 410 489 

Test #240
25 180 240 265 290 295 343 351 455 493 

Test #241
14 51 148 179 210 239 294 375 425 458 473 

Test #242
50 97 141 186 196 207 319 439 

Test #243
25 180 240 265 290 295 351 455 493 

Test #244
34 48 54 85 193 237 297 342 395 482 

Test #245
18 23 28 275 292 349 418 426 

Test #246
19 87 127 128 139 212 236 392 412 429 457 

Test #247
43 130 132 160 184 216 241 246 307 

Test #248
1 107 247 356 370 378 394 478 

Test #249
20 45 52 105 122 131 213 363 400 406 486 

Test #250
25 180 240 295 455 493 

Test #251
86 140 272 294 314 

Test #252
48 67 134 297 417 451 481 482 

Test #253
42 80 92 167 182 279 306 326 333 403 

Test #254
8 70 169 170 200 244 453 

Test #255
4 55 67 134 264 366 417 451 481 

Test #256
10 46 66 133 208 260 309 347 350 371 383 384 

Test #257
50 97 141 186 196 207 313 319 439 

Test #258
14 148 179 210 239 272 294 375 425 473 

Test #259
17 103 114 124 136 173 268 332 335 445 464 

Test #260
6 59 79 96 99 108 234 251 325 372 414 

Test #261
109 142 147 253 276 283 310 315 449 

Test #262
21 44 181 188 194 209 266 308 328 358 398 407 454 456 465 477 

Test #263
75 119 193 202 250 304 313 399 471 495 

Test #264
37 112 292 367 

Test #265
3 41 69 84 113 198 261 273 404 457 496 

Test #266
18 37 112 292 349 

Test #267
14 51 148 179 210 239 294 375 425 458 473 

Test #268
13 20 63 122 175 258 317 338 363 376 390 428 460 

Test #269
36 137 311 354 373 

Test #270
108 234 242 257 263 282 325 331 408 414 461 

Test #271
50 75 97 119 141 186 207 250 304 313 399 471 495 

Test #272
62 91 104 166 303 441 450 492 

Test #273
76 151 242 257 263 282 296 331 408 461 

Test #274
17 103 136 173 295 445 455 464 

Test #275
45 52 65 72 105 122 131 213 400 406 486 

Test #276
29 73 177 183 224 298 321 322 340 344 361 447 463 

Test #277
35 78 123 187 233 277 364 

Test #278
8 169 170 200 244 424 453 

Test #279
32 89 94 115 138 146 256 362 422 434 466 483 

Test #280
10 66 133 208 223 260 309 347 359 371 379 383 384 491 

Test #281
32 89 256 301 324 362 466 475 

Test #282
3 16 100 113 144 231 273 484 496 500 

Test #283
76 151 296 438 

Test #284
43 90 130 149 218 246 320 360 

Test #285
22 53 58 83 104 145 154 166 201 252 289 368 420 

Test #286
12 37 96 112 367 423 

Test #287
68 82 143 176 197 204 459 

Test #288
53 58 83 104 145 154 166 252 303 368 420 450 492 

Test #289
50 97 141 186 196 207 313 319 439 

Test #290
114 124 136 173 268 288 332 335 445 464 485 

Test #291
74 162 168 199 269 270 293 334 357 435 448 

Test #292
26 142 147 253 283 310 315 365 432 449 474 

Test #293
116 129 152 195 223 248 255 260 267 318 355 359 379 384 440 491 

Test #294
137 215 229 311 373 

Test #295
4 55 134 232 264 366 481 

Test #296
302 345 352 369 415 436 443 452 472 

Test #297
111 159 249 281 330 401 419 438 

Test #298
15 57 102 109 121 150 206 226 276 312 336 386 388 

Test #299
81 120 211 259 348 374 410 430 488 489 

Test #300
10 46 66 110 133 208 309 347 350 371 383 

Test #301
34 75 85 193 202 237 342 395 399 471 495 

Test #302
11 39 120 178 211 221 341 374 382 410 489 

Test #303
9 25 44 60 194 265 266 290 343 351 398 407 454 

Test #304
6 12 59 79 96 99 251 367 372 414 423 

Test #305
57 121 132 150 184 216 226 241 307 312 336 388 

Test #306
34 54 85 193 202 237 297 342 395 399 

Test #307
14 51 148 179 210 239 345 369 415 425 458 473 

Test #308
18 28 37 112 292 349 

Test #309
87 125 128 139 212 299 377 392 393 

Test #310
10 46 66 110 133 208 260 309 347 350 371 383 

Test #311
5 230 254 301 431 462 475 

Test #312
56 197 214 284 421 479 499 

Test #313
14 51 148 210 239 302 345 369 415 425 443 458 

Test #314
2 64 156 158 185 189 190 203 323 327 339 444 467 

Test #315
43 130 132 160 216 218 241 246 

Test #316
5 30 47 49 230 243 254 385 427 462 487 490 

Test #317
1 24 107 247 356 370 378 394 396 478 

Test #318
43 121 130 132 160 184 216 241 307 388 

Test #319
40 61 125 128 212 299 377 392 393 437 

Test #320
1 107 247 356 370 378 394 478 

Test #321
62 91 166 303 441 450 492 

Test #322
11 39 177 178 221 298 321 340 341 382 447 463 

Test #323
13 62 91 175 303 317 338 376 390 428 441 492 

Test #324
17 103 173 295 455 464 493 

Test #325
30 31 47 49 230 243 254 385 427 462 487 490 

Test #326
14 51 148 179 210 239 369 375 415 425 458 473 

Test #327
2 27 156 189 203 225 274 389 411 442 480 

Test #328
64 158 171 174 185 190 219 280 285 316 323 327 339 346 353 433 444 467 

Test #329
40 61 71 125 172 192 299 393 437 

Test #330
71 169 172 192 424 453 

Test #331
12 59 79 96 99 251 367 372 423 

Test #332
3 41 69 84 113 198 261 273 404 429 457 496 

Test #333
34 48 54 85 193 202 237 297 342 395 482 

Test #334
71 172 192 424 

Test #335
88 94 138 146 287 305 380 416 422 434 483 

Test #336
88 94 115 138 146 287 305 380 416 422 434 483 

Test #337
87 125 128 139 212 299 377 392 393 

Test #338
3 19 41 69 84 113 198 236 261 273 404 412 429 457 

Test #339
64 171 174 185 190 219 280 285 316 323 327 339 346 353 433 444 467 470 

Test #340
13 62 91 166 175 303 441 450 492 

Test #341
14 51 148 210 239 302 345 369 415 425 443 458 

Test #342
8 33 70 77 93 200 244 

Test #343
22 53 58 191 201 205 289 368 420 494 

Test #344
29 73 135 155 177 183 224 291 298 321 322 340 344 361 447 

Test #345
116 129 152 195 223 248 255 260 267 318 355 359 379 384 440 491 

Test #346
11 39 177 178 298 321 340 341 382 447 463 

Test #347
162 199 215 229 270 293 

Test #348
33 70 77 93 153 244 

Test #349
9 25 44 60 188 194 265 266 290 308 343 351 398 407 454 

Test #350
29 73 177 178 183 298 321 322 340 344 361 447 463 

Test #351
30 31 47 49 230 243 254 385 427 462 487 490 

Test #352
56 68 82 143 197 284 421 479 499 

Test #353
56 68 143 197 284 421 479 499 

Test #354
3 19 41 69 84 87 127 139 198 236 261 404 412 429 457 

Test #355
25 180 240 265 290 295 351 455 493 

Test #356
5 254 301 431 475 

Test #357
24 106 114 268 288 332 335 337 396 485 

Test #358
137 215 229 311 373 

Test #359
7 33 77 93 126 153 227 387 497 

Test #360
30 31 47 123 187 243 277 385 427 

Test #361
39 177 178 298 321 340 341 382 447 463 

Test #362
26 222 253 283 352 365 432 436 449 474 

Test #363
75 119 193 202 250 304 399 471 495 

Test #364
7 33 70 77 93 126 153 387 497 

Test #365
17 103 173 180 295 455 493 

Test #366
89 256 301 324 362 466 475 

Test #367
1 107 247 356 370 378 394 478 

Test #368
30 31 47 123 187 277 427 

Test #369
50 97 141 186 196 207 313 319 439 

Test #370
50 97 119 141 186 196 207 250 304 313 319 439 495 

Test #371
16 100 110 113 144 231 273 484 496 500 

Test #372
14 51 148 179 210 239 369 375 415 425 458 473 

Test #373
71 169 170 172 424 453 

Test #374
18 21 23 28 209 275 349 418 426 

Test #375
6 12 59 79 96 99 251 367 372 414 423 

Test #376
65 72 131 140 213 314 400 

Test #377
14 51 148 179 210 239 345 369 415 425 458 473 

Test #378
101 116 152 157 163 255 271 278 318 355 391 

Test #379
12 59 79 96 112 251 367 372 423 

Test #380
4 55 228 232 235 264 366 476 

Test #381
22 53 58 83 104 145 154 166 201 252 368 420 

Test #382
83 91 104 145 154 166 252 303 450 492 

Test #383
4 55 67 134 264 366 417 451 481 

Test #384
22 53 58 83 145 154 201 205 252 289 368 420 

Test #385
18 21 23 28 209 275 328 349 418 426 465 

Test #386
1 74 247 334 370 378 435 

Test #387
40 61 71 125 172 192 393 437 

Test #388
10 46 66 133 208 260 309 347 350 371 383 

Test #389
9 25 60 194 265 266 290 343 351 407 454 

Test #390
27 95 117 164 220 225 238 262 274 389 409 411 442 469 480 

Test #391
4 55 67 134 264 366 417 451 481 

Test #392
15 102 109 142 147 206 253 276 283 310 315 449 

Test #393
32 94 115 138 146 380 422 434 483 

Test #394
27 95 117 156 164 220 225 238 262 274 389 409 411 442 469 480 

Test #395
25 180 240 295 455 493 

Test #396
45 52 65 72 105 122 131 213 363 400 406 486 

Test #397
11 39 177 178 221 298 321 340 341 382 447 463 

Test #398
151 234 242 257 263 282 296 331 408 461 

Test #399
10 129 133 195 208 223 248 260 347 359 371 379 383 384 440 491 

Test #400
29 73 177 178 298 321 340 361 382 447 463 

Test #401
6 12 59 79 96 99 108 251 325 372 414 423 

Test #402
222 302 345 352 436 443 452 472 

Test #403
6 99 108 234 263 325 372 408 414 

Test #404
15 102 109 142 147 206 253 276 283 310 315 386 449 

Test #405
34 48 54 85 193 237 297 342 395 482 

Test #406
29 73 177 178 183 298 321 322 340 344 361 447 463 

Test #407
7 126 135 155 227 291 381 387 446 497 

Test #408
15 102 109 142 147 206 253 276 283 310 315 386 449 

Test #409
22 53 58 83 104 145 154 166 201 252 289 368 420 

Test #410
222 302 345 352 369 436 443 452 472 

Test #411
32 94 115 138 146 287 380 416 422 434 483 

Test #412
43 130 132 160 184 216 241 246 307 

Test #413
31 35 78 123 187 277 364 

Test #414
31 35 78 123 187 277 364 

Test #415
29 73 177 183 224 298 321 322 340 344 361 447 463 

Test #416
65 72 86 131 140 213 314 400 

Test #417
15 57 121 150 184 226 307 312 336 386 388 

Test #418
4 55 134 232 264 366 417 451 481 

Test #419
17 103 114 124 136 173 268 332 445 464 

Test #420
98 171 174 190 219 280 285 316 346 353 405 433 467 470 498 

Test #421
22 53 58 83 104 145 154 166 201 252 368 420 450 

Test #422
162 215 229 293 

Test #423
35 78 123 187 233 277 364 

Test #424
33 70 77 93 153 200 244 

Test #425
50 97 119 141 186 196 207 250 304 313 319 439 

Test #426
302 345 369 415 443 452 472 

Test #427
6 12 59 79 96 99 108 251 325 372 414 423 

Test #428
29 73 135 155 177 183 224 291 321 322 340 344 361 447 

Test #429
56 68 143 197 284 421 479 499 

Test #430
89 256 301 324 362 431 466 475 

Test #431
56 68 143 197 284 421 479 499 

Test #432
76 151 242 257 282 296 331 461 

Test #433
116 129 152 195 223 248 255 267 278 318 355 359 379 440 491 

Test #434
108 234 242 257 263 282 325 331 408 414 461 

Test #435
34 75 85 119 193 202 237 250 304 395 399 471 495 

Test #436
76 151 296 438 

Test #437
65 72 86 131 140 213 314 400 

Test #438
8 70 169 170 200 244 453 

Test #439
50 97 141 186 196 207 313 319 439 

Test #440
32 89 256 301 324 362 466 475 

Test #441
9 25 44 60 188 194 265 266 290 308 343 351 398 407 454 

Test #442
32 89 115 256 301 324 362 466 

Test #443
108 234 242 257 263 282 325 331 408 414 461 

Test #444
14 51 148 179 210 239 294 375 415 425 458 473 

Test #445
25 180 240 265 290 295 343 351 455 493 

Test #446
65 72 86 131 140 272 314 

Test #447
81 120 211 221 348 374 410 430 488 489 

Test #448
98 171 191 219 285 316 353 405 433 470 494 498 

Test #449
26 222 253 283 310 352 365 432 436 449 474 

Test #450
57 121 132 150 184 216 226 241 307 312 336 388 

Test #451
222 302 345 352 369 436 443 452 472 

Test #452
35 78 123 187 233 277 364 

Test #453
14 51 148 179 210 239 294 375 415 425 458 473 

Test #454
76 151 438 

Test #455
38 56 118 165 214 217 284 286 421 479 499 

Test #456
302 345 369 415 443 452 472 

Test #457
38 42 56 92 118 165 214 217 279 286 306 

Test #458
151 242 257 263 282 296 331 408 461 

Test #459
12 59 96 112 251 367 423 

Test #460
42 80 92 167 182 300 306 326 333 397 403 413 

Test #461
64 158 171 174 185 190 219 280 285 316 323 327 339 346 353 433 444 467 

Test #462
6 12 59 79 96 99 251 367 372 423 

Test #463
101 157 159 163 245 249 271 281 391 401 402 

Test #464
18 21 23 28 209 275 328 349 358 418 426 465 

Test #465
11 39 81 120 211 221 341 348 374 410 430 488 489 

Test #466
76 151 296 438 

Test #467
29 73 177 178 183 298 321 322 340 344 361 447 463 

Test #468
157 159 245 249 271 281 391 401 402 419 

Test #469
14 51 148 179 210 239 369 375 415 425 458 473 

Test #470
135 155 183 224 291 322 344 381 446 

Test #471
4 55 67 134 264 366 417 451 481 

Test #472
4 55 67 134 264 417 451 481 

Test #473
1 74 168 247 269 334 370 378 435 

Test #474
21 23 28 181 209 275 328 358 418 426 465 477 

Test #475
15 57 102 109 142 147 206 226 253 276 310 312 315 386 

Test #476
76 111 330 419 438 

Test #477
68 82 143 176 204 459 

Test #478
18 23 28 275 292 349 418 426 

Test #479
17 103 124 136 173 295 445 455 464 

Test #480
109 142 147 253 283 310 315 449 

Test #481
2 27 156 164 225 274 389 411 442 480 

Test #482
2 64 158 174 185 189 190 203 280 323 327 339 346 444 467 

Test #483
6 99 108 234 263 325 372 408 414 

Test #484
43 90 130 149 218 246 320 360 468 

Test #485
9 44 60 188 194 265 266 290 308 343 351 398 407 454 

Test #486
111 249 330 419 438 

Test #487
3 41 69 84 113 198 261 273 404 457 496 

Test #488
18 21 23 28 209 275 328 349 358 418 426 465 477 

Test #489
30 31 47 49 187 243 277 385 427 487 

Test #490
88 146 287 305 320 380 416 422 434 468 483 

Test #491
6 12 59 79 96 99 251 367 372 423 

Test #492
8 169 170 200 244 424 453 

Test #493
2 64 156 158 185 189 203 323 327 339 389 442 444 

Test #494
30 31 47 49 187 243 277 385 427 

Test #495
57 121 132 150 184 216 226 241 307 312 336 388 

Test #496
40 61 71 125 192 299 377 393 437 

Test #497
98 171 174 219 285 316 353 405 433 470 494 498 

Test #498
25 180 240 265 290 295 351 455 493 

Test #499
51 210 302 345 369 415 425 443 458 

Test #500
32 89 94 115 138 256 324 362 466 

