21 21
82 82
9 9
11 11
99 99
46 46
13 13
42 42
74 74
39 39
88 88
94 94
28 28
81 81
10 10
34 34
26 26
85 85
70 70
0 0
51 51
68 68
20 20
28 28
34 34
78 78
75 75
11 11
37 37
18 18
77 77
59 59
0 0
86 86
22 22
51 51
85 85
35 35
45 45
59 59
75 75
34 34
5 5
55 55
15 15
67 67
89 89
93 93
53 53
11 11
93 93
56 56
32 32
66 66
84 84
66 66
44 44
11 11
77 77
82 82
29 29
6 6
93 93
81 81
45 45
15 15
85 85
30 30
2 2
30 30
89 89
29 29
64 64
46 46
84 84
32 32
13 13
25 25
77 77
18 18
89 89
71 71
74 74
21 21
37 37
58 58
39 39
33 33
22 22
68 68
15 15
51 51
74 74
60 60
85 85
71 71
27 27
70 70
1 1
30 30
0 0
42 42
59 59
17 17
88 88
96 96
1 1
54 54
21 21
78 78
72 72
10 10
49 49
47 47
83 83
38 38
57 57
22 22
24 24
79 79
42 42
91 91
83 83
69 69
52 52
68 68
40 40
79 79
90 90
42 42
9 9
42 42
36 36
21 21
59 59
25 25
17 17
12 12
79 79
90 90
91 91
3 3
1 1
92 92
50 50
36 36
83 83
60 60
11 11
7 7
91 91
53 53
98 98
26 26
22 22
50 50
46 46
15 15
82 82
36 36
9 9
43 43
79 79
45 45
64 64
90 90
22 22
33 33
3 3
53 53
24 24
46 46
57 57
77 77
38 38
59 59
13 13
73 73
71 71
24 24
80 80
63 63
30 30
31 31
41 41
4 4
33 33
88 88
19 19
15 15
24 24
28 28
11 11
55 55
26 26
75 75
46 46
48 48
61 61
1 1
54 54
37 37
47 47
11 11
14 14
37 37
22 22
79 79
11 11
46 46
4 4
43 43
61 61
34 34
26 26
2 2
90 90
60 60
90 90
10 10
27 27
67 67
90 90
38 38
22 22
16 16
66 66
20 20
17 17
27 27
21 21
71 71
64 64
20 20
34 34
30 30
58 58
8 8
61 61
21 21
54 54
65 65
16 16
15 15
51 51
43 43
18 18
42 42
3 3
60 60
4 4
30 30
27 27
94 94
21 21
2 2
63 63
87 87
22 22
80 80
66 66
44 44
3 3
82 82
16 16
37 37
12 12
74 74
97 97
73 73
47 47
52 52
91 91
64 64
19 19
94 94
7 7
37 37
88 88
10 10
98 98
44 44
92 92
77 77
39 39
65 65
79 79
2 2
52 52
2 2
34 34
18 18
98 98
37 37
0 0
14 14
26 26
64 64
41 41
23 23
90 90
88 88
27 27
33 33
52 52
47 47
79 79
11 11
84 84
20 20
73 73
34 34
64 64
66 66
64 64
55 55
83 83
43 43
9 9
36 36
97 97
43 43
6 6
95 95
32 32
59 59
62 62
10 10
75 75
55 55
34 34
17 17
43 43
13 13
2 2
48 48
60 60
82 82
59 59
97 97
54 54
33 33
83 83
18 18
51 51
47 47
74 74
34 34
43 43
35 35
22 22
40 40
79 79
29 29
88 88
63 63
40 40
2 2
74 74
15 15
57 57
60 60
33 33
0 0
73 73
35 35
0 0
86 86
69 69
60 60
83 83
23 23
45 45
18 18
42 42
48 48
66 66
68 68
82 82
9 9
3 3
57 57
1 1
34 34
38 38
89 89
50 50
78 78
91 91
24 24
93 93
48 48
36 36
78 78
1 1
61 61
66 66
1 1
47 47
35 35
13 13
82 82
11 11
58 58
1 1
5 5
58 58
67 67
25 25
93 93
28 28
28 28
50 50
81 81
15 15
88 88
71 71
65 65
66 66
14 14
41 41
11 11
15 15
77 77
42 42
16 16
90 90
8 8
69 69
38 38
95 95
83 83
20 20
58 58
93 93
73 73
63 63
52 52
92 92
88 88
45 45
20 20
69 69
47 47
2 2
36 36
35 35
25 25
53 53
53 53
91 91
94 94
16 16
6 6
23 23
58 58
22 22
13 13
18 18
44 44
3 3
66 66
27 27
76 76
24 24
72 72
49 49
40 40
24 24
42 42
80 80
21 21
14 14
1 1
68 68
68 68
37 37
55 55
45 45
90 90
8 8
37 37
36 36
77 77
43 43
59 59
87 87
18 18
25 25
6 6
14 14
80 80
24 24
41 41
56 56
0 0
13 13
6 6
40 40
90 90
