19.8065 29.8065
42.7978 52.7978
23.6892 33.6892
18.0733 28.0733
88.8536 98.8536
77.174 87.174
46.448 56.448
34.5176 44.5176
83.6578 93.6578
60.2479 70.2479
83.0569 93.0569
30.4115 40.4115
8.12149 18.1215
22.2199 32.2199
58.2115 68.2115
8.91129 18.9113
80.1623 90.1623
79.6034 89.6034
77.4079 87.4079
15.7583 25.7583
49.7543 59.7543
26.5594 36.5594
0.219379 10.2194
68.0133 78.0133
6.17351 16.1735
23.2566 33.2566
72.0489 82.0489
40.1647 50.1647
87.4023 97.4023
39.6167 49.6167
31.6178 41.6178
65.6533 75.6533
83.4144 93.4144
13.7515 23.7515
83.7266 93.7266
82.268 92.268
49.3699 59.3699
88.6191 98.6191
75.23 85.23
43.0277 53.0277
17.3115 27.3115
69.287 79.287
73.4392 83.4392
25.433 35.433
1.50689 11.5069
0.095097 10.0951
35.3442 45.3442
81.6692 91.6692
79.6985 89.6985
71.1966 81.1966
56.8719 66.8719
88.8972 98.8972
57.2005 67.2005
57.0913 67.0913
66.9105 76.9105
63.374 73.374
39.7923 49.7923
48.9594 58.9594
13.5387 23.5387
85.6391 95.6391
88.5761 98.5761
45.1565 55.1565
61.2923 71.2923
40.435 50.435
17.3524 27.3524
13.4634 23.4634
81.1474 91.1474
66.7223 76.7223
13.0825 23.0825
67.3775 77.3775
19.75 29.75
30.3939 40.3939
46.6644 56.6644
51.6336 61.6336
15.2713 25.2713
48.1713 58.1713
52.7287 62.7287
9.06003 19.06
88.285 98.285
42.4272 52.4272
38.7011 48.7011
55.1569 65.1569
41.3245 51.3245
5.9016 15.9016
23.2482 33.2482
66.6794 76.6794
69.2756 79.2756
21.4849 31.4849
74.0833 84.0833
42.2587 52.2587
17.124 27.124
73.6594 83.6594
45.8597 55.8597
36.8608 46.8608
24.0943 34.0943
64.2121 74.2121
8.76861 18.7686
16.2418 26.2418
40.9343 50.9343
70.2955 80.2955
42.0637 52.0637
20.1287 30.1287
60.1339 70.1339
88.7281 98.7281
71.7623 81.7623
75.4052 85.4052
46.8994 56.8994
34.491 44.491
42.9097 52.9097
45.1844 55.1844
36.3627 46.3627
81.6108 91.6108
59.7857 69.7857
36.1316 46.1316
46.9568 56.9568
41.4783 51.4783
13.811 23.811
74.6769 84.6769
62.9632 72.9632
87.8943 97.8943
26.9356 36.9356
38.5316 48.5316
29.9981 39.9981
73.7953 83.7953
33.8368 43.8368
13.5369 23.5369
6.45181 16.4518
42.6055 52.6055
78.2231 88.2231
47.3861 57.3861
23.901 33.901
30.2868 40.2868
67.5149 77.5149
84.0349 94.0349
29.0148 39.0148
50.2772 60.2772
27.8845 37.8845
34.3587 44.3587
43.2126 53.2126
70.7942 80.7942
79.543 89.543
79.5753 89.5753
20.8495 30.8495
7.77312 17.7731
26.7069 36.7069
67.8063 77.8063
49.2514 59.2514
40.5179 50.5179
53.4832 63.4832
22.2146 32.2146
86.8566 96.8566
38.8633 48.8633
19.1906 29.1906
27.8548 37.8548
71.103 81.103
53.0275 63.0275
41.3916 51.3916
77.5548 87.5548
55.0774 65.0774
78.0592 88.0592
35.941 45.941
78.9783 88.9783
18.3459 28.3459
61.9003 71.9003
31.4576 41.4576
47.3608 57.3608
70.6219 80.6219
59.3422 69.3422
81.7194 91.7194
24.8345 34.8345
40.1364 50.1364
29.7069 39.7069
62.8543 72.8543
19.4303 29.4303
38.48 48.48
89.5612 99.5612
88.2366 98.2366
46.1758 56.1758
88.5235 98.5235
10.1642 20.1642
69.3904 79.3904
44.8246 54.8246
49.0275 59.0275
47.0255 57.0255
31.1238 41.1238
31.1305 41.1305
11.0529 21.0529
72.5154 82.5154
18.6853 28.6853
66.1303 76.1303
19.0191 29.0191
13.0707 23.0707
13.5531 23.5531
37.365 47.365
34.4154 44.4154
45.0107 55.0107
84.7258 94.7258
15.0373 25.0373
14.3529 24.3529
76.4452 86.4452
88.3163 98.3163
12.9337 22.9337
64.5965 74.5965
62.1705 72.1705
32.364 42.364
61.521 71.521
20.1761 30.1761
79.0451 89.0451
18.6968 28.6968
68.1441 78.1441
89.2093 99.2093
46.5317 56.5317
22.9687 32.9687
7.68119 17.6812
3.55716 13.5572
54.0924 64.0924
87.2561 97.2561
63.0546 73.0546
85.0523 95.0523
15.9414 25.9414
87.6293 97.6293
14.0714 24.0714
78.4566 88.4566
11.1824 21.1824
51.4364 61.4364
22.872 32.872
14.6376 24.6376
46.1622 56.1622
86.3537 96.3537
77.4349 87.4349
81.0518 91.0518
85.67 95.67
0.368662 10.3687
14.0928 24.0928
16.285 26.285
82.1771 92.1771
76.6138 86.6138
36.4611 46.4611
29.6666 39.6666
5.31062 15.3106
14.6052 24.6052
78.3203 88.3203
51.8423 61.8423
37.5739 47.5739
86.0015 96.0015
13.8439 23.8439
50.1108 60.1108
83.2577 93.2577
77.8985 87.8985
45.1631 55.1631
57.6435 67.6435
75.5278 85.5278
59.2345 69.2345
4.54457 14.5446
46.1546 56.1546
69.1153 79.1153
27.4166 37.4166
60.7922 70.7922
25.2774 35.2774
24.7703 34.7703
49.2271 59.2271
64.7737 74.7737
68.8847 78.8847
8.04024 18.0402
38.3109 48.3109
85.1697 95.1697
48.6618 58.6618
24.9247 34.9247
31.6308 41.6308
79.3284 89.3284
78.6798 88.6798
5.68043 15.6804
26.0932 36.0932
40.5221 50.5221
43.2543 53.2543
70.5392 80.5392
12.8104 22.8104
4.36506 14.3651
22.2413 32.2413
0.708902 10.7089
7.97258 17.9726
79.8849 89.8849
35.6811 45.6811
68.207 78.207
85.4294 95.4294
81.8357 91.8357
47.3223 57.3223
71.2904 81.2904
11.0724 21.0724
32.0442 42.0442
54.5052 64.5052
60.2995 70.2995
55.2624 65.2624
33.3899 43.3899
27.7842 37.7842
3.57331 13.5733
77.004 87.004
76.446 86.446
76.9425 86.9425
19.6348 29.6348
24.2189 34.2189
65.6223 75.6223
25.3152 35.3152
8.75657 18.7566
64.5888 74.5888
27.0139 37.0139
79.2958 89.2958
78.3993 88.3993
79.8234 89.8234
11.5371 21.5371
37.5526 47.5526
47.2405 57.2405
50.8664 60.8664
73.2337 83.2337
25.4475 35.4475
4.74029 14.7403
23.5139 33.5139
31.2143 41.2143
76.0307 86.0307
84.0307 94.0307
21.7029 31.7029
89.9803 99.9803
54.3302 64.3302
36.4098 46.4098
33.3702 43.3702
40.5589 50.5589
88.4275 98.4275
21.3742 31.3742
76.4493 86.4493
76.37 86.37
89.4534 99.4534
59.1126 69.1126
51.9922 61.9922
73.213 83.213
68.8692 78.8692
76.0255 86.0255
58.6714 68.6714
58.165 68.165
64.4248 74.4248
7.93931 17.9393
29.1465 39.1465
60.4218 70.4218
55.1798 65.1798
80.013 90.013
3.09996 13.1
39.0717 49.0717
84.7533 94.7533
75.0583 85.0583
28.7305 38.7305
29.2284 39.2284
69.089 79.089
51.4334 61.4334
29.2087 39.2087
34.4192 44.4192
46.2876 56.2876
22.0234 32.0234
33.4225 43.4225
44.7151 54.7151
1.84199 11.842
19.8718 29.8718
31.0851 41.0851
49.7398 59.7398
38.4289 48.4289
42.5218 52.5218
81.3973 91.3973
17.2981 27.2981
28.5473 38.5473
50.0687 60.0687
33.9075 43.9075
51.4165 61.4165
58.008 68.008
63.0541 73.0541
70.2827 80.2827
71.6323 81.6323
11.5115 21.5115
73.3827 83.3827
20.704 30.704
54.7092 64.7092
59.441 69.441
50.4345 60.4345
84.9376 94.9376
38.53 48.53
60.3124 70.3124
72.5908 82.5908
31.3936 41.3936
65.0444 75.0444
53.0586 63.0586
24.2606 34.2606
19.7595 29.7595
13.345 23.345
44.1324 54.1324
10.2891 20.2891
63.0849 73.0849
41.0057 51.0057
11.2553 21.2553
54.4822 64.4822
58.3038 68.3038
88.247 98.247
63.9953 73.9953
51.6558 61.6558
8.10798 18.108
80.4478 90.4478
73.1543 83.1543
78.3907 88.3907
63.0801 73.0801
85.6658 95.6658
21.2178 31.2178
42.2286 52.2286
50.3749 60.3749
80.6588 90.6588
2.66308 12.6631
3.75697 13.757
77.6332 87.6332
21.4199 31.4199
35.7922 45.7922
68.4713 78.4713
86.4643 96.4643
88.8508 98.8508
2.73188 12.7319
17.2239 27.2239
61.6402 71.6402
5.30871 15.3087
75.9574 85.9574
83.1695 93.1695
47.3144 57.3144
87.2127 97.2127
7.09616 17.0962
15.6183 25.6183
85.4598 95.4598
71.0915 81.0915
67.2741 77.2741
3.56773 13.5677
61.5393 71.5393
51.4284 61.4284
81.9584 91.9584
83.0639 93.0639
5.53862 15.5386
13.1763 23.1763
36.2925 46.2925
14.358 24.358
52.2795 62.2795
87.4 97.4
19.115 29.115
89.3572 99.3572
19.8199 29.8199
54.9071 64.9071
67.8285 77.8285
64.7286 74.7286
12.2024 22.2024
70.5604 80.5604
40.397 50.397
73.8426 83.8426
75.8691 85.8691
26.3543 36.3543
68.0121 78.0121
33.1835 43.1835
23.567 33.5671
75.1083 85.1083
8.24627 18.2463
67.4712 77.4712
14.6442 24.6442
33.9648 43.9648
71.039 81.039
34.628 44.628
43.8376 53.8376
22.4419 32.4419
77.1363 87.1363
49.3762 59.3762
84.0626 94.0626
23.4288 33.4288
64.7342 74.7342
47.3421 57.3421
69.2732 79.2732
42.2937 52.2937
5.14377 15.1438
89.0931 99.0931
55.6452 65.6452
72.9723 82.9723
23.2662 33.2662
67.8476 77.8476
53.5327 63.5327
63.6631 73.6631
11.1347 21.1347
87.8462 97.8462
1.01748 11.0175
37.5912 47.5912
32.0298 42.0298
73.029 83.029
71.144 81.144
88.7205 98.7205
51.5002 61.5002
85.7882 95.7882
32.6853 42.6853
32.5392 42.5392
78.8607 88.8607
77.5229 87.5229
13.4255 23.4255
65.997 75.997
85.3436 95.3436
8.48807 18.4881
