7.12183 59.5804
6.72579 94.826
60.1064 83.6859
15.6805 34.4233
17.7544 52.7013
59.0624 64.8764
52.845 83.2552
6.48084 33.319
11.5577 92.8336
2.68854 88.8444
25.2763 32.3364
42.0079 59.2968
9.20359 50.9661
18.3443 64.3536
17.6178 23.9621
27.6519 83.5426
22.4779 24.7396
8.42556 90.2684
24.6916 82.5842
24.106 35.2856
42.4461 83.1684
0.161953 25.7012
6.6428 36.0134
47.5711 59.0202
61.7088 99.4764
24.7527 36.4155
78.4234 94.0452
45.0113 84.0495
2.39382 87.627
9.36488 11.5891
20.0116 37.0167
44.7512 95.1317
59.4946 85.4
42.0789 53.1768
10.0917 77.2828
52.5377 77.3644
60.4512 77.5264
78.2389 96.4646
37.2592 84.1692
44.0358 83.6455
80.4513 98.968
8.39821 93.0131
58.8746 92.4477
38.0244 46.5016
47.3893 94.8415
14.8532 58.0907
53.2223 84.406
43.9006 59.6044
12.7812 38.6224
48.714 85.9794
63.3439 90.064
1.25174 50.5152
40.8703 79.4907
25.0394 46.9799
16.7498 91.0156
8.68497 15.7178
17.0832 71.4669
8.73092 30.3415
9.53091 46.7553
4.37245 76.8431
34.9337 94.1445
19.2256 78.5505
78.83 88.1561
22.4511 26.7785
8.43056 91.6111
75.4925 81.6751
71.7744 76.7442
12.6447 32.1904
56.2349 79.1702
37.6841 72.9847
46.3691 70.1859
41.6528 88.7025
63.4523 97.4334
71.9943 72.9832
44.1887 48.8374
38.3333 77.3556
83.7711 96.5813
16.8838 71.9272
39.3349 75.4112
67.0224 98.7056
47.7655 74.1981
19.5399 48.6975
50.9423 80.8878
7.17721 32.1846
60.0581 69.8688
30.244 80.1619
16.2379 68.8645
71.8967 79.6902
43.891 66.2979
10.4866 52.6734
30.029 92.7283
48.8199 76.4994
26.6103 65.7038
2.0215 48.4266
5.03869 47.1322
52.8042 69.0439
17.7414 21.3304
72.2727 72.3441
4.52878 98.6292
58.6873 79.4499
59.6118 74.3976
88.9312 90.6354
28.4763 60.8279
70.3256 94.7742
4.71893 22.999
5.26084 97.4473
53.028 54.0808
73.9467 79.6383
19.7845 22.3733
24.8232 81.6598
50.7036 69.5056
77.6274 90.8359
49.9716 68.445
63.1086 67.0742
42.5585 54.5003
25.7615 28.8979
2.17031 14.6927
19.5333 30.6466
75.5207 89.8589
25.4208 80.2396
12.8579 30.6816
65.8859 77.6869
51.6336 84.7624
4.54693 45.5242
27.1839 74.0069
29.3701 43.5125
6.99757 77.8876
34.3484 46.3325
56.9691 97.457
11.4695 13.4067
39.1682 40.0155
40.3674 42.1858
53.8609 59.9007
29.3816 72.8324
49.7596 98.2532
9.62113 62.6176
28.9348 87.308
13.6972 28.5035
38.9415 74.0277
12.9484 18.2441
1.2116 47.6143
56.4609 79.0992
54.6118 90.8093
11.581 25.4317
38.8384 88.2662
23.0504 28.2817
63.4178 78.0066
31.8675 70.4675
23.3185 43.2999
61.2491 73.0781
41.5531 70.8702
35.6957 70.4879
58.1782 64.1991
84.1851 97.1198
2.42921 38.2268
10.0682 39.4384
50.0435 66.5291
4.65532 18.5375
43.9693 57.3383
16.2363 45.6045
39.2867 82.8077
60.8143 73.8863
2.70451 44.3538
26.023 92.6819
53.931 87.6537
29.2067 99.1011
24.8012 34.7968
82.9794 99.6946
83.8797 98.9959
37.2227 80.0992
86.3089 90.1673
36.3524 76.661
56.6964 95.1986
14.0347 41.0077
39.1678 57.244
21.9756 59.6393
33.5255 96.5307
82.7899 99.2352
75.4718 77.8793
25.2582 65.533
24.3593 29.4027
54.2039 94.7397
59.1561 94.4343
37.1833 58.1519
17.2825 78.314
64.6229 95.3746
7.44983 72.0357
0.975296 64.1462
41.983 67.2342
6.40209 78.1809
37.8202 99.227
28.3776 95.7577
11.1675 71.3457
49.225 94.9929
20.2512 86.6393
14.758 16.042
9.49765 44.6105
3.76655 70.246
3.93198 7.42931
61.9185 82.246
24.7118 57.2931
32.1616 46.8689
29.3288 47.8442
96.3079 96.563
74.4888 89.8272
2.96508 89.0542
12.309 31.3427
83.6547 84.8119
42.5103 79.8049
29.1496 32.8797
0.0560208 47.6376
44.6665 45.1916
15.4376 57.1353
48.4331 61.0672
10.3515 22.8669
43.3132 47.5787
67.6447 90.1821
79.7403 96.9734
38.0264 76.0482
27.8536 93.5364
50.537 96.5015
16.9078 62.8459
1.71967 27.8442
46.5006 70.3545
79.3803 81.5245
81.5805 99.504
27.0179 44.6956
26.247 84.1531
60.1332 74.6801
45.2204 83.0001
85.0316 88.5336
30.5788 52.6763
10.3191 78.7158
16.7421 49.6497
43.1861 86.3672
36.9042 44.5957
39.6876 61.5034
67.5318 99.7501
46.2508 63.2231
37.8863 44.7476
25.631 37.3903
26.3281 52.6489
52.5752 82.0859
36.802 42.2191
27.2553 82.0224
12.2869 25.2192
55.7979 70.556
49.2718 64.9632
14.6129 66.117
52.4843 66.0139
10.6096 57.799
89.3885 97.4866
72.113 89.1386
35.3361 65.0184
2.90469 35.3894
61.0204 80.0837
6.41184 40.295
13.6693 22.3809
50.4713 58.987
64.6 86.2423
32.4937 89.8192
3.04976 98.5293
45.6171 63.4925
11.7341 52.3215
18.3355 78.1054
35.9045 64.2184
28.945 53.6069
1.05802 33.3911
42.7455 98.4095
36.3941 78.1348
1.31423 16.4778
39.1552 41.6092
22.8896 52.8245
63.9901 81.8767
3.29578 28.5901
35.7895 68.119
18.4093 66.6482
38.8393 64.0264
30.1407 91.1608
8.24615 75.7605
9.49626 39.9789
38.4413 44.1506
77.5417 93.5858
36.3312 39.4993
75.8934 75.9513
14.4661 77.2655
53.6212 92.3712
15.2608 18.8747
6.44571 82.8648
9.74149 97.1375
11.4549 65.2564
29.8642 45.531
31.9047 84.3702
62.0454 93.8906
69.6511 75.5311
70.2915 85.0273
9.63007 14.4421
3.21586 23.4686
62.9679 91.9839
39.5471 67.9352
38.8613 54.0131
31.2325 45.2007
7.63439 64.0754
14.0801 46.4933
43.6307 46.9402
23.8216 58.3951
8.88716 69.3526
40.7918 88.2593
53.7228 82.1499
2.83719 29.2539
51.801 73.1287
14.2812 61.4311
37.7498 87.5709
64.647 79.5547
0.717668 4.19407
39.579 47.4899
58.2072 92.6906
65.8416 70.8114
17.3047 56.766
3.70617 79.9217
3.74329 60.9354
62.1013 69.8226
50.3606 73.0959
10.6144 26.8187
13.4516 32.5105
56.0726 84.3116
70.3537 86.5803
45.7427 74.1512
8.10353 10.3897
8.82119 53.7059
1.1958 14.5837
48.4001 72.7909
19.2116 93.8864
38.6325 50.6524
18.5542 36.5163
54.3585 97.4517
16.4598 22.2975
67.2743 95.3934
66.8204 77.8887
22.2121 99.3309
78.2847 91.3402
77.9205 83.6425
29.3851 48.6384
52.0717 56.7419
5.77759 39.7748
54.3585 65.5631
6.97339 13.9633
0.859773 27.1495
33.1748 65.782
51.5121 69.6911
5.87065 84.3362
6.63379 67.1428
22.3305 34.4171
2.0272 89.1509
12.3057 24.2393
3.64597 88.4818
2.52397 72.1243
51.1624 81.5665
1.50941 33.6382
7.90432 41.2842
39.4158 73.4674
46.3892 95.6427
22.7922 87.4307
20.6056 47.2489
88.5742 98.7611
72.9104 90.2967
4.63172 57.4395
26.9622 79.5442
81.5714 91.8565
4.16227 16.1131
4.59486 5.81071
7.80824 8.33468
76.7191 89.3747
59.4971 78.2285
23.0129 67.4014
19.5128 62.4287
15.1555 40.8688
8.81791 28.2995
37.9477 56.0669
26.5218 48.9051
39.2018 54.8279
59.4597 99.4323
78.9765 96.6413
86.4218 88.4978
2.53491 60.5479
66.3586 92.6601
0.468336 7.12977
74.6933 83.8489
34.1903 89.8431
12.856 62.0774
1.5917 81.5902
42.4605 75.2848
84.1027 96.7457
34.6933 70.7601
19.6652 40.1695
61.2152 94.9975
58.867 60.6474
54.4571 55.5083
39.6239 40.879
0.171802 44.0061
36.6662 43.4139
50.5436 66.5304
37.1346 41.2237
26.9776 34.3925
75.414 96.47
39.8337 77.0057
15.1184 78.0602
19.4662 74.8059
90.2263 99.2211
9.49922 39.3906
9.89148 70.7144
34.3881 68.7585
31.3619 88.8452
24.2668 70.9858
29.7242 68.2729
71.1576 73.138
4.93914 37.688
23.6817 42.0737
58.0742 78.9117
54.3257 69.0514
8.88503 54.5442
31.3314 32.6044
24.0035 50.7976
7.41028 23.2246
16.9095 41.0239
50.9153 62.6152
87.6239 97.0033
18.9858 19.6738
43.9406 85.8485
15.5727 89.9716
12.2135 61.1291
17.1527 88.7107
12.3924 98.8171
59.2264 77.7288
28.2777 70.4666
25.0108 32.0544
37.1627 63.3858
57.6152 61.1662
14.1833 65.0255
55.2072 84.3908
47.006 81.935
6.12254 69.5589
25.7964 44.0093
29.8578 88.5447
69.737 78.5162
45.4305 81.9505
34.1413 39.6454
38.4625 99.1032
46.5337 58.3295
16.1913 17.0003
48.2457 86.6072
23.77 42.0111
11.6314 99.6263
25.8148 84.9362
64.6518 69.327
46.5869 81.022
16.333 87.1445
16.1458 60.3423
4.69048 12.9409
82.6779 90.2001
35.6307 83.2067
22.8521 64.6284
63.7315 69.7719
16.3056 61.3146
22.061 77.5059
8.66827 33.3059
25.7515 75.317
32.4382 37.383
17.3744 74.9433
39.5952 63.1978
44.2198 86.7014
3.03441 86.182
2.32782 31.3643
44.3052 63.3767
7.0183 53.5769
26.9831 90.225
89.2075 91.6115
13.0771 58.9795
55.343 74.3917
75.2851 77.404
8.59095 51.8976
77.6491 86.0723
18.5105 83.9079
15.0321 58.8513
35.885 78.2299
22.5864 98.4465
22.4497 84.6285
25.6208 53.814
86.9563 88.9975
93.9746 98.1191
25.1022 42.5744
31.7819 84.1996
16.7137 97.2768
72.0567 90.7614
66.0465 71.6685
23.5661 49.4607
35.533 74.6374
1.21526 58.5454
16.2474 54.0435
17.3967 89.9285
15.8431 94.4773
12.5149 16.927
0.471626 38.1357
70.7409 87.428
27.1332 68.8601
69.7076 81.4026
65.6022 93.9623
1.48959 10.676
62.879 92.251
34.5475 82.7326
32.1933 58.2975
32.9349 58.1136
59.3289 67.7263
21.7698 91.4803
8.87694 75.5763
11.6982 70.0536
24.2131 24.7201
25.1917 86.9805
57.7215 62.3488
12.6196 89.4821
26.5815 94.0222
20.5438 59.1897
59.6245 60.6793
22.5035 31.2198
13.9524 52.9303
11.2278 57.051
15.1646 46.1457
13.8719 44.1627
35.643 74.4935
35.6417 50.0698
44.5199 47.3399
20.1234 69.24
7.10395 71.5531
33.9019 94.4316
7.05128 64.8254
23.384 91.4069
1.0735 82.5737
11.9508 60.698
43.1706 43.253
83.2014 96.1833
40.2524 57.123
3.26865 7.41108
51.5738 55.417
17.1406 29.9106
52.7823 87.2167
31.7367 79.9804
0.103774 0.122244
0.976617 71.6753
7.20773 95.4083
5.57722 72.0331
2.45954 28.9612
3.53304 63.4401
11.5349 75.3909
54.7879 64.231
18.5614 47.4324
50.9712 75.6844
58.3823 87.6848
43.1018 78.953
9.95605 96.0936
73.0124 97.1728
48.8759 52.9928
28.9095 48.9982
29.8861 53.0965
20.6735 60.3043
25.2943 26.2507
27.7539 32.3374
55.2119 95.7775
31.2869 66.7468
71.1684 95.5179
21.5347 89.7298
42.9503 72.5059
30.6351 65.4141
30.8882 44.3672
40.8442 73.7369
40.4608 46.7493
38.017 89.3367
66.9264 99.7421
38.3348 52.8386
59.0083 96.8125
13.1429 22.1068
45.4803 85.259
40.4709 49.8607
41.2578 81.1476
7.21769 12.4261
28.7524 76.6655
2.1559 19.6158
1.25824 67.57
32.1464 50.2509
11.9372 23.9879
52.398 72.9906
11.0076 70.7372
41.7347 70.4793
77.934 80.0695
23.3179 74.7466
36.4608 39.0778
24.3369 96.8534
46.7141 81.9411
23.1988 64.8078
27.8617 72.0255
4.52725 35.625
0.777821 37.7809
2.03606 24.1431
5.35092 74.394
17.2881 34.1824
7.17303 98.3819
69.1191 69.6861
11.4208 18.1806
39.5984 96.1147
62.9163 91.4903
30.5682 70.8612
67.7146 99.3771
54.905 81.3182
14.4287 19.7128
4.51701 42.2904
40.142 91.7383
46.8177 92.5161
70.9608 77.9229
83.2738 94.5521
28.7346 45.3548
0.561906 43.7367
35.9076 70.248
12.8558 54.0882
52.4541 81.6688
50.2029 73.1591
15.3704 21.0641
3.7273 14.7475
58.6323 88.7787
3.2074 96.0657
0.582703 78.3451
45.4978 70.0834
40.7247 92.3155
18.6475 62.5995
57.1516 63.2763
1.92132 8.63105
2.48322 85.8862
21.7938 52.3677
65.2235 72.7312
54.4001 75.882
17.6776 26.0849
27.5592 33.048
31.2865 47.149
35.9277 47.7956
43.8613 89.9188
39.1351 68.2639
44.444 84.6329
38.3473 85.1687
0.9468 76.9485
3.8162 40.2247
5.73752 58.0984
43.9846 48.8558
1.2235 8.22075
65.7784 80.952
41.6604 66.447
35.352 84.1246
62.9112 67.7454
14.8944 17.1726
64.9682 94.1977
50.8221 84.1165
8.82946 89.9572
52.3805 53.2734
74.5901 90.7278
38.4421 51.5386
42.2583 91.6746
49.773 91.7633
40.6191 47.9958
56.2166 93.7576
41.8426 59.536
8.28957 37.1686
1.19641 72.5206
68.9418 92.4141
9.58674 35.4318
29.6295 83.8361
34.6582 74.5549
13.746 83.3844
24.6154 66.1265
36.6578 99.2055
56.8543 75.0999
48.5289 50.7441
17.3582 42.5074
65.3541 98.3018
83.1265 92.0594
21.5706 24.9692
51.5954 58.7392
33.2587 52.7918
25.6729 31.2598
21.7336 66.6916
5.56972 35.2596
9.81452 96.3211
10.0672 40.2279
64.8433 93.1989
29.8567 76.1937
33.0479 64.0489
4.95667 14.793
22.3149 81.5768
57.3004 79.8786
40.427 87.6689
9.23957 71.9381
23.5335 65.3961
67.9787 98.6548
76.3253 99.2385
24.3277 98.0589
59.5873 65.9301
3.62859 62.2513
43.8565 69.4018
62.6007 72.3184
8.69988 48.5121
72.7488 92.4575
81.56 97.4141
63.1368 87.5417
19.729 44.8422
7.39797 43.0155
14.9535 85.2691
16.6375 50.6652
38.487 84.6163
14.8123 49.3201
73.6477 83.8548
12.8711 49.7849
16.4997 33.235
2.63682 12.0362
60.3563 84.3546
65.2375 69.0561
32.8667 57.695
14.4268 41.8049
29.3466 55.1091
74.8381 77.5636
20.5791 74.1888
59.4579 82.2361
35.5326 98.8737
10.1231 74.0196
59.4432 83.4899
67.3447 88.8319
1.70306 33.0909
17.1297 66.326
18.2028 29.1659
68.9628 78.5591
13.5205 34.2003
46.3872 47.6152
89.4201 91.8953
47.0044 60.814
18.7667 38.3776
21.8426 92.9555
4.07867 58.9567
52.4134 94.4893
2.95233 62.5366
68.5089 86.4423
21.9798 57.3408
53.787 55.0707
59.0439 70.9167
21.3967 77.2467
0.0825596 90.3595
13.603 55.8057
3.42092 24.5598
16.4551 59.9902
20.8042 92.841
11.6077 63.4595
59.1818 85.3021
4.56325 18.1384
56.9767 89.3807
12.6277 92.3331
19.5133 81.1366
41.493 78.7753
32.5624 38.4775
96.5637 97.5213
3.47906 17.9604
3.56162 74.768
8.31989 30.5737
17.1647 32.8797
33.9947 77.1549
26.8357 49.3347
12.7942 97.9591
38.4434 57.1408
43.0066 98.0963
75.2793 87.477
87.907 99.9833
19.4966 79.8101
58.5854 69.0436
7.52107 60.9896
57.5534 91.1478
5.04241 94.6269
75.5138 79.8104
83.8337 98.1885
10.3842 15.3531
16.7133 44.3788
66.0481 92.508
71.2145 90.4671
9.65786 78.8423
47.608 76.9386
22.8872 52.6645
52.6478 64.4156
10.7942 44.2257
72.1444 79.8378
2.81117 33.134
87.3589 93.959
90.6874 92.4013
66.2011 88.5858
72.2117 86.7743
50.0348 82.5959
2.12748 66.7481
26.9747 94.6355
32.7962 98.1892
11.6385 85.1026
7.84704 32.7106
60.5115 88.5771
52.9927 55.5979
13.1594 66.3921
85.3038 97.2185
0.0296514 46.2299
18.4378 33.5888
9.12519 93.9886
25.9902 82.5745
75.3263 98.2019
25.3611 69.3488
71.4763 80.7978
7.77251 92.1093
24.9055 66.1118
5.96169 51.2144
13.8087 36.544
25.1211 83.9251
39.5229 74.3203
78.1138 87.4797
5.91501 75.3323
52.1449 72.7835
75.3619 91.2213
69.3506 85.7338
0.346468 11.724
51.925 75.6728
9.92587 21.2738
1.03395 90.7237
92.7501 93.1432
58.8619 98.4962
4.45788 18.0487
10.0763 54.5926
18.2666 94.0014
79.7137 92.5869
33.5243 57.8275
39.4393 80.0665
33.1598 52.85
8.52168 91.5843
44.0713 77.3181
44.4177 77.8722
29.7973 89.042
20.0905 98.9679
21.1245 51.0711
43.8212 89.6916
14.2677 88.1877
2.68307 32.3164
12.7594 92.6456
10.9122 86.909
6.7608 66.6227
3.4991 40.2851
24.4502 83.5656
57.6099 79.7245
36.4156 71.3087
66.1316 80.4869
44.0039 48.6268
24.9047 37.6688
44.9952 73.8011
24.8722 36.6367
26.3283 66.1197
68.6934 80.3874
14.516 71.3764
7.16162 12.7038
84.1358 99.6128
18.0738 90.8966
21.5729 66.2355
31.1818 90.6857
5.13859 10.9062
41.5542 48.2956
14.4272 82.2149
22.0411 30.8417
46.9458 58.4311
32.2322 68.5105
5.14724 91.941
57.1044 58.0607
25.7978 31.4755
38.4481 45.9915
51.1519 97.1742
53.1531 81.31
50.7647 71.227
17.0002 72.2067
3.38845 92.7999
7.68584 97.9385
14.2947 55.9814
39.4927 96.5096
61.5339 70.4087
27.3513 28.8398
8.47966 95.8619
0.42066 61.072
1.00911 18.1763
32.4846 58.4814
43.9741 96.9295
41.1483 78.4761
31.6292 48.0813
22.4583 98.846
2.85617 94.665
15.8462 95.6561
23.532 98.0535
12.3481 93.5946
33.0873 79.5135
8.85773 49.9222
36.2091 94.6211
3.10081 78.7619
32.0709 39.8339
3.52147 33.0801
58.0102 62.0028
1.98432 65.5647
44.0408 58.9323
7.0136 43.1326
65.5909 75.67
5.85962 78.5261
21.7058 60.256
58.3094 74.1822
45.2378 67.7768
24.7513 70.6575
0.864042 79.5153
74.6735 95.4852
15.7243 53.4354
47.7953 98.586
2.10746 93.2693
51.2795 80.8753
46.44 64.1103
23.0426 53.2638
90.4807 96.3964
30.0562 66.1507
35.9158 61.9873
22.2433 44.6768
18.859 57.6216
2.85942 80.5527
51.2102 86.6358
27.6107 87.4998
2.2842 30.7255
46.4498 82.985
55.7196 81.571
48.9888 94.2451
75.1204 83.6785
0.2683 47.7887
21.5603 53.5321
12.041 70.8313
0.88745 49.9285
11.9158 78.1917
22.8685 36.8032
34.1591 94.4248
14.7118 41.7275
28.3633 97.2842
24.895 65.9221
15.8631 96.6476
27.1791 98.8481
43.0974 82.8987
37.3424 80.4191
31.8876 64.0976
12.4628 32.1559
11.8863 34.0231
82.7176 85.6879
35.6164 46.0641
24.2558 83.6051
20.4083 47.5323
47.1243 81.6914
14.8331 88.8519
12.1173 96.4032
17.2152 62.3253
33.0783 37.0123
58.9729 64.1914
2.07024 31.9264
12.3456 47.0902
39.4126 78.9777
51.8754 76.4432
11.1336 88.3295
85.8985 96.8215
31.9626 71.0471
32.438 54.6522
56.2184 79.9702
3.34273 75.0605
61.6616 89.8936
58.0649 92.1946
2.01096 9.40977
20.3902 39.0232
42.4881 79.3631
3.21468 74.4145
50.3048 81.4333
20.846 86.7601
29.2826 63.2032
40.4161 72.7214
51.5327 58.6199
22.5799 37.2377
69.6756 90.5825
46.8009 77.2321
49.6459 52.2926
11.3075 50.1436
42.1862 42.3382
44.1972 69.3724
51.7479 89.7626
83.2204 94.236
69.1257 86.4351
50.559 68.6505
36.74 55.4106
66.0225 71.405
18.6138 44.1263
6.43866 70.1466
2.74621 43.6763
92.7264 93.3287
13.3519 69.9585
40.1295 62.9978
22.2511 90.2731
64.4373 74.3053
32.6113 43.6777
8.63453 84.3592
33.4403 91.855
2.56595 78.5953
47.2458 78.2901
15.03 53.1249
2.65637 24.5299
21.2702 81.0525
68.6562 87.4912
71.4025 91.4168
31.1675 84.1432
44.5195 64.7311
4.86067 54.1018
7.51727 76.3529
81.8226 95.1338
27.7451 40.7902
25.5003 49.4248
12.1043 58.9406
41.2797 90.6996
19.5698 61.5065
14.6315 37.9454
34.5998 40.6017
15.6523 39.1614
7.81761 61.8719
3.14353 53.2887
34.311 79.2201
37.4319 43.9512
78.8305 91.5337
48.8119 86.3478
43.9457 67.8866
8.67683 68.1704
71.6907 93.6706
58.1016 83.7951
52.6112 99.3813
14.1177 74.4947
12.44 18.9511
28.7491 53.5509
53.0418 67.9105
14.9137 69.2032
72.3468 75.7281
54.9482 68.2024
5.63437 6.65783
85.4883 98.8994
47.7112 97.1681
65.0547 71.8361
40.0065 91.6569
63.3476 73.7315
31.8331 33.6771
47.1427 86.2883
21.6374 31.2144
0.405972 50.1655
29.1551 34.0774
3.71641 87.1192
72.9197 97.0656
2.0329 72.7937
45.2664 70.2353
27.7419 51.9243
26.6413 75.8697
37.4126 73.0378
9.24872 74.3525
38.0924 66.0094
11.8239 49.2552
29.357 82.9323
43.657 76.4998
69.2206 74.8714
69.6265 98.1372
25.037 32.2146
28.7534 98.7817
19.3338 95.8473
1.67301 21.3667
46.9395 68.641
91.602 96.3829
67.4717 98.8637
23.0241 36.2763
40.5095 97.3766
45.525 78.6019
63.386 94.7802
90.4259 92.7431
34.0829 77.7125
46.9331 69.2428
8.95439 67.38
16.5597 33.9913
15.3413 99.5946
18.9284 62.7447
11.1886 64.4177
40.2951 79.8296
11.3572 31.8972
10.2209 76.2124
99.2365 99.3689
39.8784 46.4972
92.0222 96.6132
18.4804 59.9992
8.90625 86.8025
52.7422 64.515
21.9851 42.9892
11.4481 51.9436
28.0078 89.3651
85.9349 88.9597
43.3491 48.6796
7.88814 54.5377
13.0973 48.1833
24.4545 34.3672
10.5797 80.0805
34.6754 79.4494
9.8162 81.1726
6.42936 19.3278
37.8081 73.1948
59.9973 66.4285
19.1708 46.7144
24.5123 89.7036
35.9604 41.1558
30.5209 41.6472
27.5821 63.9682
7.31723 19.4806
27.3688 76.2617
61.8549 89.359
75.552 96.2221
13.8135 55.6325
6.80178 48.4889
16.618 35.0819
29.6615 54.4097
2.85627 23.0473
89.4759 92.2178
38.9322 62.8536
8.64664 87.3658
28.6358 49.8025
23.3262 70.283
80.3234 87.2944
97.8651 99.804
74.1268 94.6116
27.1728 56.4665
2.72481 63.4858
52.6886 77.2993
58.3573 59.4904
25.7882 93.4392
55.4497 76.1084
47.8489 99.1557
40.0667 58.306
21.1595 88.6316
78.9989 97.2783
7.63469 8.52536
31.8516 47.0807
27.4041 77.9177
19.146 75.7827
13.7576 27.2081
49.9095 54.3809
13.3954 70.2241
22.9127 57.1057
15.463 90.6947
16.4829 82.4031
8.90222 58.5115
56.7511 71.9326
30.2386 57.6672
46.2989 96.8177
51.3981 75.8166
43.5771 59.9235
83.4513 90.6579
61.369 91.775
10.921 18.062
37.1517 45.2702
24.6786 87.0613
94.9026 99.6511
0.456626 56.7568
17.8153 91.1513
0.218438 72.2198
7.63425 81.122
58.7299 79.5669
16.3972 37.8731
9.80547 34.6908
61.2036 62.696
6.27318 10.5075
21.127 93.9588
12.9021 96.9311
14.9931 55.3278
23.8231 92.4795
48.5017 60.2632
59.9143 79.5408
43.4043 79.9974
16.671 61.2197
71.1487 88.8908
61.4381 78.783
20.168 70.0129
7.88595 58.3499
36.5652 68.1553
42.5768 99.2612
29.3589 53.0842
5.53443 50.486
2.46548 47.043
2.37081 63.3881
17.4585 87.2112
77.7218 94.8503
35.7129 74.3911
37.636 79.1172
54.3071 54.3885
25.5373 40.3368
1.77492 43.1979
4.32027 13.2108
21.9429 62.6701
21.0967 58.5082
30.8255 63.6735
57.7694 60.1844
16.7578 63.3038
10.6704 63.8008
65.7693 74.0584
66.1716 83.2279
61.0219 61.2696
60.9496 96.9825
35.4131 98.5857
76.0996 89.8016
16.4365 52.8927
15.3389 96.0907
18.2114 19.6591
9.30144 40.1543
30.3982 82.3293
13.1548 98.6625
56.4319 94.0717
10.8294 73.3392
19.7357 84.0095
74.6302 85.505
40.8019 58.068
19.3376 68.7329
1.82379 29.6825
16.3201 37.2369
28.2682 92.4197
27.0384 81.1609
8.85618 42.3773
27.0676 77.2515
62.0365 86.553
44.3657 67.2219
16.9512 65.8844
11.0228 57.5205
22.3163 30.8596
21.8523 42.052
14.8692 96.4825
27.557 72.9372
37.2844 96.2899
39.1082 92.2748
8.59485 25.9724
54.2406 76.345
1.01456 3.38347
9.87074 35.4015
12.653 45.7608
7.79724 36.9383
4.16021 99.206
16.1571 52.163
9.68345 70.0446
27.18 92.3609
40.5431 49.0323
34.4129 55.4123
45.5148 61.9699
28.3494 82.7992
20.6242 58.2598
21.9073 84.2322
29.2191 98.2524
30.2336 38.4727
1.63583 73.8742
40.1044 47.3966
77.0427 86.5272
55.1939 85.7332
7.35682 81.2029
1.89032 51.2475
17.0403 29.0703
43.6083 57.5834
78.0212 78.1026
12.9956 23.6173
39.9911 41.3451
6.41651 98.2508
28.3238 61.9693
82.483 91.1884
20.9558 26.5762
21.422 28.212
61.5263 94.83
75.6086 81.3572
30.8025 38.569
19.7719 67.0903
38.1593 68.9807
55.1996 71.0194
14.6277 98.051
12.783 76.1535
25.7786 92.6489
32.6399 99.7709
6.18737 67.1237
29.093 30.8908
13.3738 34.5112
20.2813 61.0874
34.3295 41.7033
29.1595 89.2994
3.22965 64.9081
10.5166 41.7987
77.607 95.7106
33.8699 61.5706
32.5899 46.5877
44.6386 89.0695
1.85243 47.2176
20.7921 39.8665
20.563 27.631
72.5065 94.7547
3.39721 26.7504
23.8477 61.2616
16.771 44.129
22.349 51.1005
11.6484 85.8323
80.26 89.062
76.5565 90.7766
30.8606 72.2671
68.3836 92.4312
6.13699 14.9713
25.0211 95.2065
59.6099 72.2388
80.402 97.0589
12.1053 24.6899
0.965028 84.6117
19.4446 27.7154
43.2923 88.0089
4.77991 88.977
11.3259 87.4213
55.8804 73.2536
22.9744 36.1404
62.3155 99.5309
26.9171 93.1762
71.798 95.3007
77.935 85.6073
10.272 10.6285
69.8819 73.1415
70.2004 82.8672
50.2839 94.9725
51.249 94.8903
14.3349 79.5842
67.5931 78.9643
57.6272 67.9413
45.0485 72.373
28.2535 79.2672
2.24161 18.3021
64.3939 80.6176
1.7725 91.311
73.5705 73.7937
59.4011 86.6117
51.5055 96.8837
24.6469 70.0296
52.8968 66.7656
17.0495 94.8473
47.8692 89.7375
27.4534 68.2984
4.07244 47.2628
61.6996 95.0466
15.2041 67.4196
6.74809 94.4713
25.0501 95.6731
60.067 96.7129
5.66774 98.4854
51.3779 79.4615
37.9896 72.0559
23.5614 38.8626
8.89213 34.8733
1.63881 48.2083
43.0556 61.7889
9.65813 18.6883
32.7931 86.9867
36.8656 37.1116
32.1581 34.2495
49.4536 98.5652
5.31328 99.5777
43.925 95.2508
30.3634 40.6379
36.0312 55.3178
6.6957 39.1233
11.1793 15.4927
44.6853 54.3552
34.7406 79.5586
63.2474 82.9489
25.0362 81.1974
26.0045 99.8857
34.6944 58.7976
71.8059 86.8724
21.1219 95.6632
3.96407 94.2284
3.54181 70.5756
14.5005 99.5417
29.9051 98.7926
54.1104 55.1384
65.9363 94.2618
60.8061 81.4289
5.44104 5.4914
35.7841 40.1817
85.05 99.0315
23.1306 66.2473
24.0677 49.1351
58.7621 66.133
7.93278 53.0054
3.59597 30.5681
34.5321 74.1273
44.7029 97.8244
38.0739 97.366
36.8665 59.2034
14.3419 27.2711
90.9769 93.2074
8.60364 51.783
14.0447 74.6363
10.4204 57.2744
42.3244 54.2264
9.45191 77.357
8.5717 33.5196
26.4921 74.7047
34.4249 92.2818
22.8498 27.7101
1.8374 38.0209
35.8452 57.3819
46.5403 95.4559
5.74372 33.2113
32.3224 60.4824
20.0856 23.2994
28.6892 53.6897
28.326 75.0824
32.3568 42.7339
38.7464 96.9603
48.1983 74.6812
74.3173 83.2529
0.809404 81.718
57.9576 73.9997
35.2343 85.6677
73.2552 96.8495
54.2315 87.5051
9.10045 34.0454
42.3117 49.6873
39.7891 82.0098
2.79408 59.8747
5.3091 56.4838
80.3915 88.5639
31.2978 84.8098
12.7483 23.5563
28.258 87.4295
2.5753 71.7546
53.4726 70.6824
3.38471 28.64
27.4723 38.619
14.3077 24.3219
1.81272 11.8742
20.9747 78.5534
28.2407 35.8581
63.2864 75.6472
10.2504 66.0805
15.5595 35.5218
22.5643 24.0857
7.37413 95.951
8.69934 55.3835
30.9304 83.6415
2.68501 96.1288
66.8112 86.2168
56.1576 89.6015
83.6299 95.4512
9.7589 28.2205
7.95182 40.0948
11.5716 86.5052
47.4297 61.0695
14.7459 24.3559
23.0769 24.9963
58.5987 90.4363
13.0006 40.5559
36.5069 82.6843
20.3747 38.0678
45.2062 51.3051
21.7093 41.3351
7.92611 53.9901
8.14631 10.1478
3.59756 97.5276
25.7482 93.7777
1.72953 13.3565
24.9281 65.8429
26.9124 88.2347
2.98057 72.3578
51.2683 95.4346
27.9769 41.7046
54.0333 68.5327
36.7176 54.7052
5.03961 75.0799
50.2458 74.7854
26.3851 96.4947
80.3752 91.5809
4.42085 99.7272
1.94848 90.523
3.32476 84.3007
16.6812 27.6966
86.0302 93.5396
41.6093 74.2649
13.9671 20.452
71.7203 77.2455
5.22233 9.4017
13.4248 63.435
68.13 73.7551
0.152619 78.7947
43.2099 74.9381
29.0405 69.595
20.6214 71.4328
49.9702 75.8537
20.3486 40.4932
23.6734 77.8021
5.49878 24.7938
10.824 40.3546
81.9639 99.0384
19.4904 85.0889
62.3343 95.9309
5.33264 91.2106
4.63548 67.5567
41.3117 68.7676
68.9202 72.7655
15.9755 20.1064
43.8583 49.1469
15.2911 85.5705
35.5407 69.7683
90.1169 91.1447
68.9469 76.0338
0.827627 13.7902
54.1448 74.4456
11.6516 73.484
36.1087 96.7405
32.0396 92.9744
59.0748 84.185
26.6315 37.3722
6.13985 88.8205
61.586 67.9432
75.0601 88.0496
18.9184 77.5615
37.1965 63.1319
6.96477 34.2095
25.3542 98.6726
74.7064 97.0816
10.8719 94.3011
68.7468 75.534
65.0166 87.1856
1.12529 42.2308
35.2052 83.9261
33.1649 43.001
19.3902 70.5371
8.21069 69.6325
37.5757 76.677
51.7371 69.7967
25.6253 47.3582
62.8218 70.6555
4.86495 10.4901
9.16265 69.7866
30.2192 66.8682
24.5203 83.869
59.4031 77.7401
42.7567 93.2671
35.4978 46.5887
30.5148 43.882
70.703 77.0469
73.5158 90.0932
43.1483 47.584
24.261 98.3039
68.1006 80.7241
6.34941 75.9981
15.4588 46.6535
25.9488 69.1713
38.9579 51.5185
35.1115 81.7377
5.82612 18.9805
6.25798 83.5662
78.3836 99.525
24.9723 26.3229
35.0229 70.205
5.72589 55.4871
29.003 47.2519
94.8359 95.8191
72.1513 94.123
19.0969 52.8754
62.2236 95.095
59.2248 77.6823
28.396 41.7485
3.63117 93.267
38.7427 67.3539
73.18 75.0047
57.7232 81.2627
36.1068 56.7462
80.7877 83.0692
15.8106 61.079
16.5661 53.2741
0.526043 21.5365
17.3556 45.5691
17.7204 95.362
11.4786 14.4589
70.5957 73.7022
9.55391 29.8205
51.3024 51.3845
55.0157 58.2165
25.5704 44.5695
19.5742 93.7583
51.4815 98.7504
0.83684 55.4966
81.6246 87.5883
38.5658 48.6673
91.84 97.4351
18.9716 65.2334
10.8025 92.366
36.3272 87.728
28.5229 47.8058
2.18688 99.1187
11.7408 21.5079
28.9392 72.8924
63.0432 87.1557
7.61269 27.9081
12.7261 21.6664
11.4765 27.1869
28.0237 73.1479
60.7362 66.9731
5.53896 9.64825
7.0834 9.40348
74.6369 97.3789
26.055 89.7449
62.3822 85.4395
13.9624 77.4729
10.188 79.6598
13.081 31.696
42.0202 91.4006
4.58839 54.4438
29.1759 32.4965
41.9019 62.0565
54.1629 89.2433
27.3108 53.3784
17.267 20.3516
26.9153 88.047
25.8906 97.4505
23.2695 33.9987
60.0537 72.0874
13.0144 57.5269
22.4359 90.4873
32.624 71.4893
70.1471 84.5703
61.5476 64.3199
26.5905 68.9083
15.9914 55.7664
1.40479 78.0479
55.5677 97.6683
51.0467 67.2912
82.8785 84.5582
70.9256 71.3983
11.4735 97.2889
45.4721 68.3761
20.5584 40.4635
5.52582 33.5727
27.9618 97.9904
24.06 69.4796
60.5857 94.2071
24.9056 54.05
55.7547 80.6404
71.7461 93.8139
36.4068 95.2187
34.0751 49.794
17.0852 50.7864
33.6649 85.1218
1.64337 56.5202
4.5905 13.1168
53.809 72.9666
58.589 74.3674
13.4301 64.1148
7.94014 11.4204
32.0002 92.0765
52.6622 80.9001
26.2073 34.95
77.5679 81.962
15.5905 71.3818
51.9973 53.7081
3.50208 66.6005
17.3869 86.0724
20.5872 71.1942
22.2306 51.0519
27.7143 55.6424
35.3474 81.5234
28.6089 93.9364
42.039 55.8908
58.0512 63.8309
50.1277 53.4594
34.3595 95.8311
2.78996 22.0384
69.3096 80.3578
4.00034 84.9
51.7396 57.7084
18.3401 36.8973
22.9697 61.2105
35.7271 81.7978
86.7789 94.1639
4.02837 21.8782
39.3758 42.4213
3.40158 71.0302
33.3122 59.2924
13.0692 91.3634
23.1233 66.5287
18.9543 41.4911
0.888183 44.2811
40.9927 70.1977
24.6389 44.993
55.0978 76.3785
2.70149 91.9951
63.912 94.7187
14.9648 30.4458
9.12861 45.7098
17.2247 49.7381
31.0068 59.646
34.4084 89.1139
22.4261 30.6763
43.7455 93.7007
13.7895 16.824
10.2742 55.2807
11.1623 35.7784
76.7711 99.5617
24.2006 81.3601
21.7641 36.4579
0.579192 24.4656
28.4529 95.2979
43.4177 88.3776
25.7437 34.0874
42.9684 52.5463
83.5531 83.8255
2.61439 72.9394
17.9615 33.2906
11.6622 95.3656
9.15512 77.0361
28.4862 87.3103
64.2646 64.4358
63.9975 98.4726
41.0357 79.8327
62.7998 88.1982
16.2906 88.7773
44.7435 87.2654
75.643 84.0752
9.8189 88.1612
9.73032 40.7075
52.7873 93.5558
24.2606 55.4017
42.2222 66.4952
61.8608 88.6923
53.8844 65.7284
71.0159 82.3706
35.4517 53.0387
46.6352 51.5114
87.6709 99.4492
31.3441 87.6474
47.6347 50.4707
37.736 76.4247
60.5 92.3782
13.379 80.5394
23.1093 70.3189
21.247 23.1061
16.6651 45.5076
78.5078 83.1603
67.2001 87.7298
41.6142 45.0211
16.0371 32.9285
23.9848 85.9673
51.4888 70.62
37.4787 50.938
58.2909 68.8228
8.76159 38.5854
15.0101 16.4575
8.83568 46.4976
59.8766 75.5101
45.8289 89.3751
10.6221 82.9858
68.9351 99.6509
47.4428 56.1297
43.8595 82.8112
14.6429 27.8324
47.5714 85.4737
9.45846 43.8694
33.5387 95.3582
71.0174 80.0785
38.3694 46.2962
39.8402 84.8816
47.131 56.2976
93.6286 99.8917
65.1333 75.4017
53.5052 54.5084
21.2307 36.491
65.1305 90.1657
21.2602 36.1419
18.9532 37.6086
52.2515 65.1197
46.7855 50.5934
90.655 99.8229
33.3616 60.0518
40.1304 86.0132
4.379 32.3094
44.2192 78.4998
17.1909 25.6308
0.516779 17.0826
19.2594 65.6501
72.7646 92.4843
13.715 20.1585
9.25563 85.289
3.88068 45.3976
6.54927 41.4892
64.3507 71.669
11.1363 93.7407
22.2624 93.5636
1.79125 82.3142
26.9252 87.8044
22.4446 31.3042
0.944357 20.1138
37.3047 75.5234
26.5752 76.0402
45.8346 54.3873
41.6903 46.8716
18.5992 61.8488
27.8549 60.5865
47.1378 64.4672
53.6871 73.2524
5.95645 37.6032
25.3561 99.6971
47.6184 48.7395
50.5307 93.2608
20.186 29.9327
38.3351 52.3772
51.4902 58.4489
27.0136 53.3216
79.8967 95.7536
3.05382 50.1408
25.7314 44.7441
44.3306 97.0124
6.59286 57.5989
53.7307 72.1854
22.0661 45.4378
7.41773 28.0226
32.7738 83.041
27.7197 31.7805
20.9805 80.3922
10.3249 82.3112
20.6463 41.1665
62.7021 92.6567
16.0237 79.0952
19.6703 74.8487
22.7242 95.9204
21.6518 24.9895
22.0019 67.4683
65.9823 74.0611
38.1678 79.6008
1.66693 27.7918
35.2095 83.6056
29.6895 66.6466
57.4092 67.9833
48.3755 98.4271
78.3897 80.7383
19.5561 58.7004
1.38454 21.4025
12.2128 80.4797
31.8832 37.4261
33.3465 55.3284
54.6074 80.318
22.0756 54.9983
2.31988 20.9806
81.9207 96.1367
23.9285 59.1484
42.754 83.5876
13.2771 59.138
9.40062 27.1213
7.8277 70.6863
49.076 75.4968
34.1972 88.566
68.6321 89.9505
55.5996 80.845
70.4302 93.0258
12.7282 25.7586
26.3723 67.3355
6.07661 81.3706
8.39649 89.4111
2.35127 85.5479
61.4997 90.3172
9.47638 73.9048
4.25368 68.6144
13.6543 87.1819
57.8682 95.7357
21.482 71.2325
6.94421 10.048
5.42965 75.5763
61.0293 99.9985
56.4213 70.4287
54.0551 69.1495
80.4274 96.1873
2.26391 36.485
25.8961 61.798
10.6604 64.1493
0.977592 11.444
20.9204 25.6489
29.9026 74.8824
62.0643 89.5348
43.5569 85.2705
19.9325 65.0389
26.8767 56.5029
61.9326 75.0869
2.45308 75.0853
22.9619 58.8744
45.514 77.0169
28.0238 41.7013
57.4443 64.5088
19.2423 43.9652
54.6256 90.4049
1.84896 83.3916
9.04052 55.6032
22.7694 30.4856
12.3041 38.9431
82.5001 92.5499
12.4825 97.5746
47.539 54.0776
22.6259 39.3592
16.0101 41.8123
38.972 97.7112
0.686664 43.2253
15.9889 28.7105
73.4333 84.9266
28.8918 93.2193
83.6243 92.6756
76.0671 83.5174
39.1206 85.4732
8.24258 85.1077
24.0508 69.6062
20.5467 62.1562
6.55088 18.1213
54.0899 74.6386
13.9978 72.1989
76.7158 88.209
55.8101 74.427
27.181 56.4968
17.6523 43.17
2.57885 85.2073
16.6033 78.4266
9.27881 31.4706
14.988 62.0509
47.5241 85.3459
54.1087 70.4536
23.7149 55.7666
76.3134 94.5044
1.05528 85.8711
60.5097 94.4347
55.1452 66.6336
31.8609 74.5075
30.3177 54.8426
6.28798 82.0237
23.9403 86.8145
25.1937 72.0218
26.5191 41.7969
50.4484 57.9897
12.4992 51.0757
36.4217 72.9778
27.0864 60.0233
6.87528 15.79
1.37969 50.8013
36.6724 92.1033
2.43496 86.5381
57.5801 97.1821
53.1717 71.6896
8.01429 89.4411
2.00729 95.7291
88.8218 90.038
15.2317 19.6693
46.1884 60.8436
11.292 57.0286
4.17818 8.10433
23.7912 77.156
44.526 83.8145
4.2424 51.4013
55.0437 99.6045
52.781 91.7078
55.2159 91.7161
78.2459 88.8982
12.7961 31.4175
2.23715 60.5878
39.4318 62.5951
29.4698 97.9662
17.6355 51.4169
12.2604 44.7014
1.73003 63.824
23.5524 68.0021
9.83436 47.3436
45.1581 54.3604
31.1581 49.4005
5.76167 30.7626
4.44424 58.5427
22.4704 96.1604
0.716299 13.7586
26.5547 85.0585
32.1338 45.6464
28.7918 71.5657
8.24144 26.758
1.03544 59.6583
44.3936 45.7369
8.21752 71.9187
47.4669 95.4711
57.3013 76.2197
21.3778 42.8147
11.6617 73.9728
17.4233 70.7783
4.73538 75.2225
27.2058 75.966
71.3829 89.7246
27.9221 56.4414
16.2793 60.0559
2.08778 45.0711
10.3292 31.6216
32.657 71.8291
16.2227 69.9875
41.9063 78.3939
24.4402 25.8608
0.659882 37.3774
80.1921 83.1621
22.0377 94.8238
54.1649 92.8159
12.2471 58.9002
68.0385 88.2131
39.4213 86.1061
14.0282 77.9377
94.217 95.8628
74.0841 97.9505
5.70567 39.2881
8.27976 11.1172
38.3627 78.2673
16.7566 27.3399
20.1735 51.7801
42.6174 57.5509
25.7796 52.44
37.743 74.4776
20.6034 91.9079
32.8505 67.2936
35.332 50.8081
21.0636 36.9142
74.7534 99.0013
50.9423 70.6161
25.0264 93.2183
32.5063 68.5667
30.7321 76.8464
43.6235 69.0948
55.1137 70.9634
75.2872 85.8514
22.7435 28.4688
32.8382 75.1835
54.2484 70.5812
49.6611 74.8517
16.9546 62.489
7.70223 13.2971
28.7658 52.2867
27.04 50.2113
1.15362 27.7671
20.9854 97.6561
26.18 66.2228
53.4917 56.9121
43.0692 97.1152
26.0068 98.1829
11.8582 68.0786
73.4702 90.8221
6.30833 40.327
66.0055 94.5754
15.6666 76.8895
39.3785 69.4272
32.6212 77.1294
52.6757 84.9079
2.88698 5.89521
11.9479 33.6623
4.0406 9.60407
30.2206 54.6477
8.13936 75.8269
18.8961 87.1327
5.25455 13.1395
17.079 73.3331
24.9977 90.5491
64.1552 65.3248
30.1607 96.8575
59.9002 73.747
29.3273 45.8273
13.1255 78.4485
6.45674 65.8012
12.3519 63.3564
68.6882 75.3043
46.0143 72.7288
0.661939 84.9084
2.94937 60.7353
8.8013 90.0821
14.0559 79.6314
3.22158 96.7103
28.2193 87.389
51.5442 87.2595
84.1169 93.5441
53.4443 81.7048
27.5321 57.8639
70.9894 82.7716
5.98062 89.2284
36.7906 69.337
1.5803 5.47873
44.6414 47.5946
29.5498 78.2075
48.2565 81.1569
57.0578 90.2851
69.9164 71.2389
71.1137 74.4605
58.5026 66.6268
2.67981 53.8863
10.0468 96.2239
38.0032 91.7516
49.6682 95.8671
19.2837 32.4398
25.2644 66.8565
3.64705 21.6681
23.2484 94.6014
9.12579 39.2428
70.843 87.3333
19.0995 68.7926
59.0777 68.4901
39.729 76.1573
28.9941 47.2709
14.1895 95.6209
5.77357 16.8693
15.8204 49.5071
13.0932 87.5103
7.572 62.7614
26.8557 83.3774
50.2339 95.2012
16.8693 52.1201
46.7215 53.881
40.1178 63.0067
10.9608 85.9643
50.34 54.7569
18.8301 30.0602
6.21753 13.8346
42.8287 58.5592
53.4885 72.7487
38.4496 59.262
87.9567 89.618
2.71126 75.0824
75.4671 82.6544
58.8445 65.4727
9.51015 60.6739
9.07837 61.6303
62.9593 77.5432
8.35178 17.661
25.9661 94.3161
28.6217 76.3061
49.073 58.682
62.9075 95.1362
53.6954 64.8995
5.73623 18.388
26.4441 44.1858
16.0621 77.65
32.1425 52.7324
7.6096 18.7733
35.3868 84.246
44.897 66.4541
44.9199 75.5324
6.52724 22.463
14.879 38.4918
40.124 64.4578
9.19511 68.7457
40.7639 58.2681
27.4277 35.9001
21.1756 92.3272
26.9119 89.5955
10.7151 16.0396
71.0977 88.3651
3.24022 32.1016
41.0975 50.875
10.8498 76.4844
35.121 77.3039
21.3813 80.0408
27.9086 52.8363
2.50387 91.3281
42.6279 42.7876
51.9827 55.786
11.3736 96.5499
10.2508 38.8012
31.4264 32.45
22.0455 31.1284
41.8435 58.3383
29.436 38.0851
30.2086 70.1867
32.6762 71.3062
21.0617 43.526
47.7905 56.1826
20.8299 69.1719
36.2234 73.6663
38.7273 97.0805
39.8681 64.9944
20.7804 81.3552
91.8508 92.7288
2.10161 17.3303
31.53 49.7803
33.5281 62.6584
71.8258 91.8664
4.50186 9.91082
21.3024 34.7105
53.9786 80.0975
1.15915 6.01665
53.8072 97.5046
18.3346 57.3418
22.9791 93.5652
20.0596 92.0009
32.2925 56.9953
13.6477 59.9277
51.7785 77.7757
6.37647 95.1059
37.9064 53.8801
44.8862 87.4081
0.564806 16.712
5.06666 79.2745
0.576861 26.6228
6.72027 39.7771
45.7938 54.5554
7.87942 52.0601
65.2212 99.601
22.5801 70.3946
58.7864 62.3955
42.6396 91.0789
2.5673 19.3908
4.72666 97.1664
11.1031 54.3458
8.22583 92.2724
37.1586 49.0096
49.5744 95.634
53.8705 74.9084
54.641 80.4933
75.4853 94.4182
30.0408 87.2135
40.212 95.093
39.813 82.1008
52.4955 60.3141
19.1006 62.393
5.03267 14.891
10.1795 34.2818
7.59996 14.9062
31.4482 61.9457
23.7206 26.0093
70.1715 75.0188
60.8791 65.8055
14.7496 24.5932
40.7139 79.2343
16.1993 95.2429
73.6524 82.4564
13.8644 46.24
28.3408 77.5494
37.8635 53.6774
16.0704 80.8363
56.9641 95.7273
21.1031 67.1436
28.703 30.0091
61.4573 82.0497
8.05901 90.6488
60.8203 85.1779
46.057 83.0779
7.67108 26.6258
60.8066 67.3397
56.0495 86.9053
60.5578 83.539
29.779 38.506
16.0554 74.4222
28.0996 58.1198
38.9562 53.9189
10.883 44.17
34.6835 65.2731
64.6925 78.0266
60.0763 93.9761
26.1498 84.6248
11.3277 68.1353
45.4451 51.2132
57.3847 72.0709
18.1913 58.8843
39.4107 45.7896
22.9497 74.2409
6.34742 12.7469
52.7287 80.7696
10.8485 28.8022
8.86921 82.7212
49.8047 53.0392
84.4882 93.6042
18.3122 71.6308
12.2883 49.1807
31.7071 75.3305
96.9132 99.8424
42.3583 86.6582
44.0429 51.0556
9.93989 14.4293
53.8399 62.2342
36.4751 55.7295
62.0769 76.7896
29.5183 49.222
42.8466 78.0242
40.3669 51.7158
60.7454 90.1716
4.75497 54.3496
23.0672 74.6597
23.8404 25.9803
35.3556 57.6874
32.2687 99.1709
57.5298 85.8292
8.58545 74.627
29.8721 89.0563
18.5253 92.1063
42.8962 74.2549
19.6859 28.5814
36.3318 77.8034
49.2042 79.1784
55.8276 89.571
16.573 30.8941
35.6491 79.7426
54.4023 70.9226
58.7163 96.9029
78.2428 94.0719
54.5903 77.4137
12.1201 26.3406
0.967648 63.2429
20.7056 93.1149
39.2309 90.0239
32.9202 85.2212
13.4858 13.8026
49.8176 52.606
1.81021 91.606
28.9959 47.4337
59.89 91.3813
64.0067 71.1239
34.9292 95.5392
25.5262 54.2555
3.76895 31.8321
48.3274 86.4224
74.668 81.1827
44.4255 98.5426
19.2481 75.6356
37.5404 65.6596
22.7617 58.4791
71.9648 98.5797
36.5643 51.1858
21.7824 28.1703
50.7783 52.996
44.3772 75.604
10.6684 39.6107
6.20751 15.5011
41.0273 74.5399
6.37203 60.463
8.79035 44.7962
25.9789 92.7945
83.4583 91.337
59.0939 70.4044
7.94484 10.5852
24.7535 69.0642
23.3332 30.7065
41.0291 67.2708
62.8114 74.519
27.515 95.4411
13.5898 71.0451
24.2581 71.8922
10.6558 87.3933
30.4656 85.1957
28.4206 90.9286
73.2169 91.5677
84.3622 99.719
83.1773 99.1957
69.6001 75.6992
42.2712 86.2844
67.0247 77.545
8.25149 55.3486
90.358 96.3777
64.877 75.5223
59.1891 70.9634
72.7789 92.392
42.0086 64.2842
52.6644 97.037
27.5026 51.6776
37.8601 80.0982
18.4312 29.4278
18.1502 53.315
13.79 52.5108
1.32747 89.4892
22.1109 43.5987
75.7736 99.6559
10.6234 31.1222
0.981374 7.90742
27.4999 83.4297
65.8583 86.689
54.3932 58.2503
59.4679 96.4017
22.5345 56.5049
49.0661 74.2121
84.0075 86.9262
2.43869 54.3103
7.62533 16.354
20.5889 30.1439
21.9163 60.1361
19.6332 82.2471
65.515 95.4067
76.1385 81.903
26.5289 89.8104
54.0288 77.1198
42.9782 73.2401
27.6333 40.7178
0.185712 1.22849
23.763 24.035
56.6906 73.1011
40.6981 97.9751
52.2854 60.0273
43.1367 76.3812
59.9107 63.7256
6.52515 20.0469
26.1583 85.642
2.29392 51.157
21.565 84.1969
27.2955 48.094
4.41528 74.0073
2.12282 47.2475
42.8407 47.3934
48.6219 74.8808
43.0264 98.9158
72.385 99.7169
70.3601 72.0169
32.0441 40.415
22.6455 83.5517
8.42533 82.5562
14.9505 47.2774
2.60304 32.9193
4.89695 41.1088
62.6738 84.0763
11.3718 89.0939
10.7678 63.1012
12.8907 15.7871
10.3487 63.1805
55.7313 85.2294
11.8024 98.7577
84.1452 84.1874
56.162 98.4746
38.8896 54.5475
77.1929 88.2062
22.4414 96.6315
59.7491 69.7187
11.582 62.3521
2.63807 52.6908
67.2491 86.7144
15.3646 56.3429
26.1324 98.0862
13.8732 19.4441
29.7928 39.0231
77.0537 94.7544
15.0222 88.8562
93.5121 99.1674
73.0436 91.9867
27.591 55.3294
30.8763 43.5356
4.78394 53.3177
40.167 64.533
23.0364 51.749
25.6745 26.8852
4.43977 94.1343
12.3889 19.8044
10.4751 50.4772
45.9368 69.9213
24.3483 84.9599
1.40206 99.7141
14.7363 79.7143
73.2263 90.2582
13.9037 63.3018
65.213 69.2331
90.8928 96.0893
12.7687 95.6768
49.407 52.9357
60.2098 72.4435
4.68474 87.095
9.12451 98.118
10.5068 81.2292
28.9289 31.7064
20.9819 74.8657
1.62778 45.3302
1.34191 59.8255
39.5398 46.7323
16.0783 36.9905
12.7661 29.982
0.292363 77.9792
91.1852 99.2151
11.9838 74.0685
23.4755 86.862
47.0718 64.9195
69.6043 95.919
34.1668 94.0369
15.396 78.7288
4.54379 7.65765
25.5257 47.1024
48.7302 82.5233
42.3488 70.8559
17.5883 50.0721
66.1504 81.8886
54.5788 94.6547
54.8712 96.1323
72.6339 95.3475
46.0564 46.7024
7.33124 32.9183
70.1779 72.2508
66.0969 79.9901
14.1569 41.855
20.5838 60.1339
29.5529 64.6776
28.2415 76.6553
10.7648 90.2033
25.3855 61.0593
53.1136 75.4576
35.0022 78.6476
33.2264 41.608
29.657 37.7404
2.29088 88.0975
33.0878 34.1539
40.4191 48.9933
19.1712 67.0722
12.6698 47.0624
54.5249 85.2681
45.402 61.2192
75.1087 90.7721
3.35013 10.0796
0.282951 67.4274
14.1149 92.813
61.3422 67.2285
39.9898 68.2706
2.23073 9.87862
31.8877 73.2162
47.619 61.3137
34.1786 80.7068
83.1719 95.4675
21.1259 62.5398
2.34308 33.7957
9.60212 87.6112
70.8214 88.3205
33.0132 63.4292
43.0928 61.5935
29.0209 66.7793
43.3757 80.8942
4.71796 21.8339
48.1227 90.1045
44.7078 50.3535
17.9239 99.9831
47.6021 82.2412
16.4198 79.2376
28.3089 74.7051
49.4348 99.5916
1.93473 37.2449
46.847 83.2304
71.551 89.5459
17.6684 22.5591
34.9802 79.2618
1.75949 65.6518
8.28278 9.02755
30.1167 82.6537
13.7455 30.7764
20.2212 58.4533
20.2043 81.1299
63.3711 76.3772
55.6147 67.8064
79.7908 96.1153
30.3199 79.3825
45.55 67.5647
28.7805 81.3172
14.4117 70.8631
0.331459 32.0801
35.3116 93.4222
11.3419 59.074
19.6247 37.0711
19.7248 68.1016
49.7414 81.8471
50.5013 69.9626
31.6312 40.3003
16.6775 90.1668
57.9732 95.0022
72.2923 74.793
2.61212 54.0885
54.1755 99.6386
35.4927 70.1769
28.419 84.5886
6.35584 28.7505
16.6687 99.778
28.0107 64.0621
1.13325 58.8521
26.9537 47.6354
20.8581 97.3768
8.80074 71.3594
49.1011 67.3393
2.99052 57.5062
65.7786 97.9927
15.4794 38.0709
69.5679 72.7858
26.9613 40.683
10.8598 69.2064
62.454 97.6255
68.8098 95.4484
12.1171 26.376
68.5879 90.4381
27.44 40.1278
87.7632 91.5714
12.4295 54.3936
63.1943 85.1399
52.4792 83.7888
12.2954 86.7793
9.98541 78.074
25.4648 84.7721
16.1449 57.5578
56.8278 95.0327
64.2392 84.5191
46.9731 67.6877
61.8646 63.1361
15.783 88.2406
75.2532 84.3709
15.381 78.6787
11.8108 70.2501
3.14416 66.2044
82.6795 88.2841
29.3988 66.4684
40.7633 41.6942
50.7487 53.2477
19.7682 38.0198
35.9131 76.2135
71.2462 95.5776
80.0967 92.741
35.4854 60.4286
27.0699 97.35
23.5647 42.8528
85.5907 98.8179
27.2237 64.2694
14.1989 39.0345
17.3431 34.5195
5.23899 17.199
5.62716 34.6378
46.3905 83.6674
36.9151 76.332
96.1002 97.1392
73.3528 74.9348
32.0133 70.5124
24.7543 44.599
50.6092 80.0844
77.679 85.1829
8.74762 77.4345
20.5319 63.0251
7.56555 47.7556
21.7645 27.2945
61.814 86.7901
39.1076 92.0291
44.7347 79.013
26.6669 62.6804
2.99889 91.1252
88.2645 99.5955
74.5303 99.0991
31.1125 61.6172
6.21625 45.0428
55.8668 95.6519
41.0497 86.3007
63.7351 73.331
49.7973 93.8628
26.7602 57.3628
41.6184 54.0547
28.4086 79.1273
15.8687 18.2349
20.4377 94.8817
47.1046 62.9696
54.0949 57.5621
50.1035 57.1576
42.3593 49.2026
3.97655 31.6879
76.7307 80.315
10.1928 36.1818
72.3826 96.4935
45.7136 77.2315
27.0287 60.2286
39.5764 86.9888
81.1949 84.3916
41.0436 63.5189
9.60341 56.9123
30.0411 81.7538
44.7235 51.794
9.35614 77.1456
27.2491 98.8183
41.1776 66.5138
76.4517 98.2017
45.1542 56.7667
55.347 74.9324
47.315 92.9485
51.8405 70.1799
12.0691 93.0287
32.6051 97.2087
81.6003 99.0579
13.7999 40.1015
23.4034 45.1192
26.873 97.0138
48.8078 53.4444
30.5901 71.5965
58.1639 70.4148
24.6777 57.8392
11.5924 34.2909
22.8794 56.7466
91.0576 97.8118
12.0936 84.0061
45.1268 63.9341
38.1555 54.186
51.3947 76.0032
70.7606 75.0611
32.9949 84.5605
15.1626 78.1141
7.96386 12.1764
4.98714 61.4083
60.9841 76.5836
19.1481 91.9984
46.9984 49.8376
43.8257 58.5908
66.7051 84.1284
15.3374 75.186
27.431 64.5169
9.6437 59.1921
13.378 91.3651
47.7992 67.3683
18.5597 64.7727
42.4294 97.7677
3.12022 57.592
11.0841 75.8818
69.7683 80.869
30.7525 72.4924
57.4526 64.4908
4.45094 49.9005
14.3283 93.7263
63.0417 98.4568
60.4314 78.3791
24.9483 73.6428
5.81016 32.8348
34.592 97.1753
46.2129 82.3911
10.9856 64.5436
0.950845 6.97294
4.07107 8.75326
64.5649 84.6351
15.1552 34.3332
65.504 87.6475
22.9566 65.0857
14.9862 52.1383
27.4075 66.4666
8.71251 90.4493
64.9234 69.1439
38.5661 68.8284
74.6386 94.0922
28.6841 71.4009
17.6138 71.8138
11.0752 36.3574
12.0261 28.5993
37.3526 43.3303
7.89525 16.0971
21.9877 31.2523
42.2285 87.4917
7.31418 18.8998
10.4483 71.0381
22.3004 37.8558
31.0129 37.5047
2.42808 28.3051
0.156814 97.1335
40.9942 94.249
12.3951 71.772
22.9331 43.5859
30.0089 34.0083
58.6082 79.9433
23.2736 46.0344
62.1315 95.9608
17.9485 31.1689
73.3974 93.3838
5.4402 12.2837
15.8885 80.7115
3.01195 83.3218
20.8265 53.7443
34.0249 82.0494
23.2546 34.1817
64.2487 79.1828
28.4307 50.9549
51.3637 76.6439
6.65273 94.5408
74.4841 85.372
31.4064 65.261
61.2218 97.7577
28.9266 93.538
79.1703 86.9218
2.32394 84.6105
83.0355 99.2054
0.498985 82.5272
54.2433 86.0474
3.35367 20.0723
26.6082 36.2926
15.4755 54.254
82.6847 90.857
66.4303 67.5008
34.0484 60.9711
19.4204 74.1535
35.4551 39.4145
33.2128 50.8268
0.636299 44.3648
62.1394 79.8066
31.2866 64.4633
30.492 64.4171
47.4988 64.9161
13.0192 33.5463
16.3729 19.1594
53.6186 55.452
7.87257 42.9811
33.838 70.9274
37.3578 90.5572
1.33885 24.6056
75.4924 98.3288
33.784 44.026
14.9069 94.8529
15.5432 66.9968
29.1362 39.2177
70.5042 95.3498
59.7669 93.5996
0.996247 41.0984
14.0154 24.683
43.8423 74.6446
28.2632 30.3883
73.3694 99.2943
36.1358 70.2218
7.20742 26.693
7.57953 8.54628
5.90837 51.2986
84.0387 95.3246
39.6923 98.9456
6.68914 90.1775
14.4888 29.3952
9.83859 35.8254
29.4249 99.8994
0.895677 69.6055
70.5233 94.2885
14.9111 45.1679
38.1308 45.2994
37.4252 73.4311
9.56692 18.6688
7.64692 25.8762
15.2264 36.2599
34.4225 87.5585
18.4612 21.1348
60.8272 82.8832
17.4068 73.0607
31.8956 67.5163
2.45587 3.34165
2.3553 41.7342
11.3397 32.7666
3.25098 3.28985
5.62813 18.1621
43.759 48.4578
21.8889 63.4615
81.1841 82.1303
31.4558 88.831
8.00655 67.7158
4.05748 42.4291
25.1923 55.2743
38.1575 60.8902
78.297 86.0195
11.2181 53.5358
10.1926 13.674
51.9267 56.8774
16.0293 89.644
19.2803 63.2664
68.8945 92.9338
37.4424 41.3916
0.903911 12.6535
63.2805 93.8376
83.0342 94.7363
82.6686 91.0408
62.4521 86.7261
17.7264 33.4698
11.9184 94.3601
55.8839 97.9379
67.102 72.6571
51.4736 82.8496
8.35101 80.776
34.7764 96.8053
97.995 98.0427
16.0856 90.9288
53.528 66.9372
32.3204 79.5907
54.4319 95.6009
37.4662 73.4283
56.0969 90.3372
28.507 52.7893
42.823 61.9768
54.7414 70.5157
26.3996 56.3369
28.9939 52.6793
4.15288 93.5016
11.8436 74.2776
12.5039 46.62
10.4989 71.0829
44.6627 87.1686
1.42763 11.5999
33.748 40.6966
91.1906 95.1285
29.3489 64.6189
19.6861 32.5947
20.7158 61.1017
63.5389 72.4754
23.0784 42.9911
18.2803 79.4153
69.3906 70.9596
8.40925 62.8922
20.2528 75.1124
37.1697 87.6163
8.25265 66.8728
11.5355 98.1152
95.4212 99.5428
23.1354 36.1178
14.326 33.2908
31.2463 62.6397
63.841 78.945
82.3257 99.6608
24.9427 54.8011
48.0211 63.1997
81.4799 97.7921
27.4364 67.1827
35.8457 52.4395
27.5519 30.0749
56.0985 67.2446
15.1683 22.9713
13.2834 75.4973
34.5068 70.9185
12.8262 57.6422
7.03626 46.117
38.2826 71.9682
8.75669 50.9132
2.12356 91.0824
27.0662 50.574
13.7737 45.8835
43.6756 75.0873
2.52374 95.2536
10.8583 47.6931
38.3694 40.9332
75.2451 94.4679
8.17789 90.4133
17.4392 83.6752
3.69675 51.946
16.523 54.5936
9.58814 61.6299
62.64 81.5564
71.3967 99.9125
2.03603 32.4696
62.4791 83.0436
8.36258 29.1022
4.18957 96.8172
52.0382 92.0709
6.71332 62.8965
39.764 45.0827
3.82977 15.009
12.0077 39.5506
5.42236 56.9898
9.11911 95.6828
8.9358 50.2765
18.5239 25.6421
11.9064 88.2821
0.0803058 11.8188
32.5499 59.6788
13.8549 22.1579
15.5934 42.9571
12.4107 30.5205
47.1467 82.5587
4.4815 53.86
44.2455 45.4552
49.285 98.9427
38.4934 59.2545
61.2927 64.6769
56.9755 95.4832
4.41899 73.796
7.25196 99.4381
19.1583 22.9429
23.0232 87.7202
30.9772 47.3991
44.832 55.5731
69.557 71.1665
0.0775341 87.7892
34.9359 83.5772
82.6362 88.0587
28.0915 88.7959
32.3042 87.7386
77.3765 91.5587
26.232 38.6691
21.7151 56.2356
30.0316 95.6446
2.89657 26.1341
29.4697 49.0771
17.1899 22.0549
53.0321 72.1003
27.6734 64.589
34.146 97.8641
85.6533 98.8399
34.2235 82.4171
16.8598 20.5892
9.38502 70.4758
2.77992 44.9512
22.3277 97.1236
23.3556 94.3386
50.5742 60.9968
45.0707 56.6414
71.2049 80.6058
10.0754 59.538
20.2819 81.5929
27.2654 92.3822
34.625 91.8543
20.0556 32.4891
18.8956 26.0003
18.1424 60.2239
1.31266 38.7316
71.7884 77.0836
22.0348 48.1166
45.2402 74.5683
44.3625 68.907
5.35937 68.5958
13.6665 19.4811
0.0869015 62.0008
21.5388 84.8713
5.15326 10.1623
3.1317 37.4277
37.7567 97.5355
17.5911 29.282
55.2824 70.2458
36.4867 88.3882
15.5062 37.7994
27.1198 92.5899
9.5878 75.2363
14.6247 84.1561
20.4765 58.9872
53.0631 89.0723
64.3466 72.5442
2.73878 26.3474
72.6311 87.6101
47.8862 82.7935
51.0179 92.7634
20.2212 90.2989
49.5032 88.7746
7.89003 59.0204
4.78562 44.3767
20.2919 47.4086
74.5284 82.1761
12.8817 91.7639
27.5064 49.7647
70.2413 75.92
28.9831 86.4937
50.8403 59.3136
1.52739 62.0524
74.1585 77.1877
25.0739 49.6625
42.4259 56.952
76.0918 77.1732
32.7248 64.8664
26.6764 40.6148
23.8868 31.4621
71.2955 84.9915
51.7539 67.1676
45.8239 64.6356
58.9315 95.5886
34.8516 92.142
65.8299 78.6357
25.1435 63.8347
29.476 65.3621
6.66364 87.1959
36.8584 39.5206
31.7376 96.4727
7.82938 79.2842
12.009 73.6459
0.322312 72.6958
52.6238 96.5827
31.7844 37.6153
67.8781 83.5383
4.78293 13.702
48.1739 63.7145
9.29063 40.3159
75.1205 98.5661
18.9516 62.4008
0.264032 48.4276
27.7629 87.4599
55.0912 67.2836
24.3183 86.8288
3.60249 63.7562
37.4021 94.6582
15.6115 67.354
37.7244 68.2353
63.9366 69.5088
5.85056 31.8148
10.6335 53.0471
1.22099 45.5168
54.8074 74.348
41.5369 72.914
29.9279 60.4886
30.192 35.3148
8.91614 63.0778
17.6519 64.0074
30.3613 41.9701
50.8362 94.1175
45.4943 45.5726
31.5196 61.1841
12.8483 69.244
29.4194 76.7849
35.2699 38.7528
8.59968 91.7999
45.9034 54.1165
20.2514 93.0209
8.92386 34.5578
38.8518 93.1654
28.4803 95.0464
3.96252 69.0438
86.6957 91.558
21.9193 67.9699
18.806 28.6658
16.0369 74.2384
47.5565 64.3004
35.4225 77.1486
16.8006 64.8419
53.9335 55.5534
0.111847 62.5332
46.0153 47.3533
16.6497 40.3742
25.5735 66.2667
59.4321 74.932
64.4253 69.9784
33.4691 87.9124
73.9409 79.4704
20.1648 41.9108
1.38978 48.8306
17.4267 60.7168
23.069 25.0172
58.4915 64.9832
2.16579 81.7837
23.3334 56.0993
23.4453 37.3371
18.6325 84.6904
35.2822 69.4605
25.0645 35.7272
60.8557 99.9965
25.2811 95.1594
69.9749 83.0718
43.9157 58.7502
62.5422 78.915
63.932 85.8265
27.7455 46.5433
50.8145 81.3587
46.3419 71.5605
9.30603 73.7263
28.1256 32.6394
29.8256 65.4627
48.4581 56.0847
25.5452 50.1531
75.2176 83.7403
44.5961 61.2725
56.4319 75.2142
45.189 69.8772
28.6274 39.5037
2.04589 89.1048
7.54239 74.9313
35.2879 65.9779
21.4746 47.3366
86.1025 93.0351
93.6784 95.4085
21.804 66.7614
28.0479 96.587
84.1326 87.2667
37.4198 45.0451
9.67787 28.7854
12.6374 70.9504
73.3815 87.8516
27.3822 43.2587
33.0406 66.8859
22.1454 71.8861
68.9318 79.4285
34.9097 97.0767
14.7165 18.5513
0.818909 82.2462
11.5864 75.9247
78.3477 96.2274
24.2753 97.7287
74.9347 84.9954
8.40794 19.9798
18.0858 22.4152
35.0526 48.7652
22.1468 89.0362
16.4184 22.9042
55.9449 65.4055
37.2916 83.3043
52.236 78.0903
16.7201 75.167
31.4366 87.1457
69.3919 93.7183
5.30464 32.2555
28.4829 45.3166
43.0452 83.6524
52.7582 58.5871
28.0406 61.1661
50.4558 78.5669
27.3321 79.2519
68.2881 85.5084
8.41269 49.4788
14.8843 84.7065
64.3576 68.0108
42.4478 52.1759
20.2468 68.896
7.39246 17.6148
0.332622 11.3331
32.5881 76.7844
16.6377 22.1009
0.290096 61.071
13.8292 65.1462
58.8772 93.1868
37.444 74.9953
43.6426 54.2473
29.1511 64.7761
14.2549 22.5354
7.24188 37.5637
1.9213 29.1393
75.2526 81.3152
44.3691 95.4994
50.2112 61.9839
2.89186 50.5438
73.317 79.6762
83.132 89.9547
1.77718 44.2029
66.9234 90.2448
49.122 58.0321
33.0275 60.1102
3.75278 86.566
51.3421 87.2747
9.81012 32.9038
65.5971 70.4676
17.052 94.7364
72.3889 92.3046
16.758 76.0515
26.2628 87.804
78.742 90.6959
52.059 76.8066
59.9386 70.3721
42.0137 72.1493
4.14152 32.2585
39.0727 62.1737
81.3805 99.1829
67.9465 95.2011
2.93563 82.4758
19.2887 35.8395
84.8858 92.286
6.30704 9.33796
78.6959 79.6221
1.64259 55.6736
89.4466 95.4539
74.1959 81.9364
58.743 80.1425
26.2549 50.5147
18.6816 68.2686
22.664 22.8231
0.527064 61.7367
81.9076 84.9968
60.9195 80.1979
49.8541 63.8552
62.6737 69.1427
54.9597 99.6946
6.00166 54.0285
33.6506 64.2976
65.9402 84.6976
80.1515 89.3243
55.3869 71.2607
35.5294 54.3474
30.0037 80.6023
48.6853 86.0441
8.70804 48.8708
49.3979 71.5084
56.5052 70.4447
31.3055 31.3642
36.703 81.1595
95.2194 99.3767
50.3023 94.914
4.33079 54.3364
0.915678 18.634
37.9814 85.6133
27.3057 84.5743
39.9611 65.7648
20.1122 98.5663
28.57 75.4905
0.714447 61.5346
49.5853 77.2553
48.7637 70.2426
40.6873 98.9832
5.26883 30.2886
41.9719 72.0516
11.4482 67.271
41.3486 61.7505
62.185 95.685
63.1007 66.0812
4.06265 14.3191
48.7139 98.8933
14.4787 31.3683
29.9346 38.8545
14.345 34.5909
35.3053 58.5046
35.7599 75.8796
46.1222 84.8906
83.8738 84.5236
86.8095 89.7924
14.1624 58.8611
25.6106 31.7643
26.1321 73.1129
87.361 88.3171
53.4423 68.7979
51.4177 83.1169
0.131648 57.5049
82.0102 88.8732
14.6103 20.8647
18.8078 49.2012
35.2097 77.3125
11.0893 84.5065
13.0724 69.3971
57.2115 97.596
44.021 53.2709
67.4332 87.3884
2.8821 19.1526
29.0142 93.0438
80.4048 92.2655
17.3312 61.0633
33.8471 68.749
44.1803 91.352
26.1905 68.8806
80.2252 83.4909
47.0552 99.0331
32.6921 82.2649
17.1987 76.3455
89.4179 93.3542
50.5657 86.5957
39.8666 87.0139
74.4023 94.5867
7.29984 97.4688
0.343634 93.5549
26.4829 85.8204
43.8142 80.7484
14.5955 46.8837
12.5631 91.064
5.94749 81.4437
17.2545 86.1727
64.3097 64.9347
85.2057 97.6268
46.5746 61.5513
14.8255 39.9288
1.42124 50.9692
37.9831 90.4944
41.2878 85.0811
12.3853 48.5877
5.9402 82.5498
9.03276 48.9313
29.6797 91.7606
38.6443 52.8469
44.2753 65.4101
29.7083 50.2227
46.8538 46.9627
11.7885 36.3954
11.2724 21.6012
9.41534 57.847
24.2408 83.1525
34.1216 97.7758
25.6621 88.2702
66.9499 72.1047
73.3513 84.49
15.5376 55.9011
64.4689 90.4302
64.9338 82.1908
17.7808 94.1486
20.8351 38.4239
50.5434 83.1908
30.0446 88.6466
25.0421 97.5061
8.7785 41.8331
46.6433 51.2485
29.7957 66.6255
64.4013 75.4893
1.15137 63.9173
36.022 52.6714
26.0227 68.1013
20.5121 83.6389
10.9423 81.9238
46.8576 48.1077
42.2564 93.1331
13.9681 64.6384
47.8292 80.6803
64.5115 69.3269
62.0176 77.8738
19.707 94.369
41.0123 70.7961
37.4216 70.9555
46.4448 70.808
1.82285 34.7253
47.5961 54.4943
15.6974 70.7474
80.517 91.2594
62.4407 99.3363
2.20169 47.444
9.29836 95.3347
73.9367 89.7004
9.30288 70.3807
21.766 73.8144
39.7076 99.6398
34.0766 35.832
6.62805 19.3468
75.0889 90.3022
44.0496 45.8968
36.747 45.8725
80.6222 84.3432
0.36677 51.3695
0.040569 80.8837
42.629 99.3768
43.3245 44.8306
46.8209 52.6229
36.5213 40.1654
26.5596 49.4683
6.90194 48.3255
23.2826 46.6095
47.9653 59.1146
67.3121 80.6862
55.775 65.7427
9.79229 57.6144
1.67186 94.3614
55.6648 82.294
56.0315 78.7045
33.6636 78.7451
36.9153 76.2925
78.1219 80.2398
21.1232 24.9428
32.8626 61.2886
59.4222 61.4641
10.7568 68.366
7.74778 34.0395
14.9756 55.7131
93.1541 95.6617
23.0253 58.8967
51.4367 80.6396
53.1086 68.689
24.3538 75.001
35.4026 53.7055
69.0662 80.3853
17.3006 32.4506
10.5726 45.3587
66.4819 97.5404
30.403 35.5154
27.7704 96.9795
38.5273 89.8253
65.3455 97.5731
72.5667 80.321
53.2862 65.7208
75.9827 76.3114
24.6175 27.4195
56.9511 93.3065
31.9521 80.5281
15.9307 17.6603
85.6576 98.0456
18.1083 84.9969
15.3462 30.3556
12.8866 28.6809
64.1962 96.8374
24.6079 43.2897
33.1149 61.1757
26.5212 63.1351
30.688 35.7019
6.84221 83.9742
1.42264 82.8249
26.0401 60.2856
10.2444 17.2367
19.3467 90.7725
37.007 49.1888
6.70313 34.8464
35.0526 91.7
50.3988 52.9547
22.0556 81.6355
18.893 63.2854
6.57511 45.8318
7.00748 43.5009
6.63602 39.6901
33.5287 70.3781
40.3709 42.3379
43.7605 54.3523
14.6379 23.1958
33.4402 69.8007
31.8746 89.1473
24.2127 81.0634
26.1543 30.9158
15.9098 61.2069
22.6158 68.8645
11.6057 44.6714
50.5001 74.8911
63.5644 96.3318
7.06526 81.4662
3.3393 21.1563
13.7013 36.868
56.0392 91.5343
45.8866 77.2388
0.434646 99.7997
60.5245 69.6003
33.8749 92.3991
58.0876 58.7477
73.4626 84.902
89.0034 89.3724
11.6192 46.1088
57.7145 58.2369
8.73699 56.2906
19.8549 32.6056
5.06881 14.0719
8.40812 26.9202
35.2281 40.6215
26.7625 45.2761
22.5149 96.6606
72.6491 96.4603
22.9496 33.1736
56.8244 66.0607
24.8084 25.5727
14.912 99.0353
3.91536 9.71033
55.8192 88.4077
15.5346 46.6447
13.5337 71.8251
46.1393 55.3817
60.4505 91.68
18.6002 60.2112
68.8586 95.4394
14.1347 59.2217
22.2018 55.8824
36.6496 94.8509
52.3427 59.5991
18.4034 28.0245
16.4235 53.5972
31.3355 43.2117
52.6325 52.9221
35.2509 41.0403
8.74125 50.7854
22.275 87.6849
22.6106 43.0666
14.2906 68.4143
3.51706 28.6255
32.8908 72.3756
24.0649 92.1126
46.2667 86.5103
23.1599 47.995
0.33767 41.1176
69.1421 82.759
18.7411 99.1825
22.7394 61.9528
30.5181 75.3719
14.8749 65.7689
16.4122 23.6161
4.09712 16.5544
39.1649 45.8911
14.3054 47.1637
50.6808 53.4555
42.9309 86.3464
23.0564 66.9958
9.56671 78.459
13.2625 26.4539
32.7266 54.3801
15.4856 26.7916
23.5222 45.5326
14.6681 46.2616
7.48544 45.1861
21.6335 22.3603
10.9551 38.0456
27.5095 45.9764
42.1428 91.8675
66.6744 89.3065
6.1729 20.1299
39.9873 49.1038
6.4763 63.0437
16.0996 84.9353
29.3621 72.6104
5.33697 11.3892
38.1807 83.7421
7.26435 20.8225
35.4906 83.7134
53.5259 91.1988
75.1594 80.6767
13.5591 91.6318
13.205 59.5356
19.1413 55.3478
51.4031 85.8157
44.6543 57.576
5.94559 84.6415
6.67979 12.4219
22.7794 47.6852
20.2956 97.3571
8.7463 52.1414
25.6326 35.8836
46.4551 46.927
30.6404 43.1479
81.9457 96.6738
21.8393 62.6224
35.3984 71.8332
54.2543 85.0382
73.3955 94.934
40.386 46.337
59.2112 85.0402
3.91303 65.1568
10.5928 69.6818
17.367 77.5787
33.3722 74.9358
37.6626 85.5136
63.2951 83.6821
21.3972 30.6092
9.75022 64.5451
61.2496 91.6959
61.2189 83.0889
33.052 54.3184
8.57261 18.4873
13.4212 18.0902
58.4762 81.9681
41.1793 59.7583
43.5164 63.6713
6.33612 13.1982
74.2641 83.9148
7.6363 30.5652
58.8506 68.2277
42.5327 93.1499
14.5471 31.5229
41.2731 73.1419
34.3915 79.0921
32.969 40.311
17.4803 87.2874
35.9676 73.363
91.4532 95.86
49.3888 77.8281
9.14708 49.9294
19.0075 93.4459
25.3436 72.8184
6.64409 47.0825
9.25839 37.2093
54.7188 68.109
5.43701 47.8687
10.6417 36.9599
62.4158 83.7836
41.5079 78.233
11.202 18.1751
35.6554 81.8188
55.1819 98.4894
71.623 94.3494
21.0119 46.6351
72.1775 96.5645
30.1589 91.185
2.97732 90.0104
16.5286 96.6545
25.7869 50.0598
4.77864 33.8638
39.3008 93.8959
4.53764 52.6473
15.0631 76.2607
54.4937 88.3212
6.49633 56.571
38.3898 65.6957
42.1518 64.185
13.7748 93.5717
40.2068 58.5344
30.7119 34.7867
36.7713 64.9456
21.8968 26.7817
38.4254 67.9229
17.9827 23.4362
57.3 64.2123
22.7614 58.1083
75.4087 96.6007
62.6459 72.8614
50.9672 90.4718
27.3551 47.0428
57.4635 93.0507
85.4326 99.6153
57.2357 79.0043
13.39 15.7701
19.2111 48.1767
46.482 55.9824
13.1223 68.3789
81.0452 82.7641
6.20028 6.80425
71.0166 99.0279
21.7893 63.5002
29.1249 60.101
91.7708 97.198
32.9624 87.6699
42.7379 60.3174
0.201401 34.7127
20.1453 53.3681
10.6039 99.8167
13.2067 99.1496
18.3607 26.374
61.3834 72.856
74.3431 74.5057
41.2349 57.1072
48.0391 55.5509
54.5788 63.3075
19.0557 26.8077
48.1806 76.3681
73.5661 86.9087
19.8711 39.9513
61.236 82.6892
80.1885 95.9487
33.5566 82.8906
16.094 82.7073
15.2436 44.1605
70.5345 95.914
33.6044 57.2974
7.94747 43.3905
31.8031 84.6254
65.0547 87.3539
28.3621 32.6645
41.9328 51.7202
18.3009 55.1698
42.0785 99.9007
39.852 91.867
53.103 61.9496
22.5413 42.138
5.43189 49.0517
65.1457 75.6947
19.8552 88.1392
80.3893 84.0531
13.9937 90.3897
33.7802 41.3505
21.9412 73.1536
18.4055 86.9958
51.07 60.5076
2.44031 15.3579
2.79015 70.5278
2.69087 20.7412
12.6063 12.6082
42.5429 74.5558
65.0841 65.7112
14.7629 16.6939
70.516 92.3885
58.6552 79.9086
12.2437 60.298
2.63338 42.7084
74.2917 84.0589
36.4135 96.2329
54.8191 57.2125
17.72 83.2287
5.88906 98.5867
8.67921 20.1603
40.9015 69.1144
11.3701 81.7207
53.5097 53.913
19.221 56.2765
18.9971 72.9703
33.9839 89.5132
13.8926 65.3589
48.1684 77.6026
74.1906 90.8767
48.4823 80.236
16.6495 74.9356
32.1481 44.7151
27.9438 71.4686
49.8681 77.3576
26.5305 70.0285
86.0368 95.6449
10.93 97.4069
64.4397 77.3656
33.6421 51.3199
70.317 83.6607
6.61245 17.6446
59.8302 71.9713
7.99853 31.5372
5.72776 49.5739
29.8099 98.8752
54.21 73.8108
46.4594 98.9251
5.9589 17.9279
26.869 55.827
53.3995 95.2856
25.8555 81.3224
36.7855 49.0444
26.41 78.7293
1.22521 30.0492
60.0521 84.8859
0.366257 66.6646
2.53058 60.1964
34.0678 38.6359
68.195 88.2098
39.7955 67.0702
18.0197 94.0055
40.881 64.4791
46.8399 92.9307
19.7997 82.407
2.66694 77.6926
28.5224 73.1992
22.2436 59.015
37.7443 65.3079
48.6536 66.5331
8.70571 67.7936
51.419 68.1598
53.9496 75.3703
14.0062 28.3563
88.0174 96.5512
2.21599 27.8129
20.2357 63.6214
4.50245 21.8185
14.7492 84.7147
51.3424 67.1217
34.5488 54.0093
7.748 44.8143
3.8293 82.5317
29.9916 47.8396
41.5736 78.6452
9.36723 14.3727
65.7918 87.3509
62.7211 77.5271
5.88334 19.7414
7.75878 76.7273
2.43457 78.9433
35.5717 66.056
57.3902 99.179
70.5585 83.8937
21.9008 72.1394
6.68825 51.0154
75.9102 95.8297
14.4363 58.4419
44.4278 99.659
6.28153 41.2327
20.6543 23.073
10.4238 50.5999
28.127 86.446
6.18738 73.145
34.0103 49.8723
13.9462 36.4449
28.8156 49.5179
2.50091 27.9946
6.90811 73.0594
11.8883 79.0475
62.9038 94.9602
70.8704 85.7358
0.172008 58.7335
29.3123 58.3926
35.5938 44.5998
67.6728 99.6253
50.2252 56.248
42.694 78.0966
51.2416 78.3522
12.3625 48.8814
1.11392 62.8276
29.9296 48.8074
12.3455 51.3084
19.2536 57.9242
24.3677 69.8125
19.3279 98.3011
32.7163 84.0368
90.1983 91.4499
19.5105 84.2089
28.8087 49.8424
49.4677 55.1043
11.3523 96.4815
74.5781 99.6929
54.0464 78.0451
2.92781 25.8197
26.9336 90.4076
39.2151 65.7554
56.8632 78.1009
14.7874 90.5235
14.8912 97.3545
84.5999 95.6555
17.3162 34.2191
24.4174 79.6924
8.76607 63.9012
43.9279 58.6085
92.7099 99.0322
8.07621 89.1914
7.76912 10.3846
63.7695 64.4309
85.8142 89.5892
67.3588 76.2219
16.5228 33.1142
15.437 73.386
5.96043 11.215
8.56949 88.1734
20.8516 72.7733
4.22503 55.0707
83.9174 90.0895
79.4881 98.8555
23.4159 47.8187
40.5286 57.464
22.4482 65.5403
29.72 32.8327
73.3094 93.4895
59.1236 97.2636
64.6224 83.0787
35.3455 99.6015
50.7825 97.7365
8.95158 72.9875
56.7429 61.1608
17.5211 77.5945
21.7461 33.9341
24.0236 32.6652
5.66352 12.1533
22.8791 53.4822
35.5692 80.3431
58.0174 94.0108
23.7308 45.8834
19.1928 90.8501
17.2202 88.1137
0.298863 78.3164
13.6619 52.7361
50.4727 99.9003
64.4444 72.8878
21.1873 59.4242
34.0486 76.9453
67.9827 98.7818
31.4471 98.6914
4.35492 92.0062
14.8853 43.6003
57.8371 79.1695
51.8479 95.2285
37.1869 41.1119
28.037 75.5786
60.3047 92.7988
16.1507 38.6211
68.8868 93.0977
52.283 92.998
16.7274 19.3595
65.8858 78.7837
37.9147 99.9344
36.6965 55.729
54.4204 67.9171
59.9233 68.1436
11.7439 58.7754
16.6125 74.8087
70.0371 90.9135
28.1004 68.4604
11.149 44.039
56.1374 71.4537
36.8378 72.2881
10.0748 29.9356
41.1749 62.3578
22.9336 60.5344
79.0851 88.8194
16.9999 39.3182
88.7538 95.0472
53.6964 56.671
21.84 49.4676
8.243 16.5943
33.5839 91.403
24.4974 24.8555
61.4401 93.3158
52.5978 72.5891
8.73516 37.3548
44.0428 74.1927
54.1176 81.0233
4.12826 22.1982
16.4753 27.0619
82.7326 95.5605
15.8813 22.0508
4.63513 12.5603
17.098 66.2567
61.3061 66.5656
77.9004 88.0967
21.6806 74.8086
69.3033 99.6641
30.7434 46.178
92.9799 98.7758
3.33253 30.3348
7.51094 47.3753
4.52747 88.5342
1.49288 8.65573
10.7324 17.9682
35.7176 93.465
13.5287 51.5989
15.5158 26.089
32.6137 56.234
17.5401 92.3457
80.4424 99.1793
73.9879 95.4405
2.12302 64.7438
48.301 73.652
66.6319 95.4872
47.0768 98.8197
54.5878 96.9667
1.49413 46.195
43.122 47.6879
10.1499 53.8543
45.8674 65.6561
47.3193 79.1848
62.8351 97.4663
5.27376 53.7003
95.4488 97.6194
71.2404 94.6281
66.6808 78.0618
68.616 80.1849
31.4246 42.268
26.9118 28.4859
8.89985 75.5627
5.86652 25.7315
30.1505 71.9266
7.36065 73.2725
17.5105 19.6145
27.1268 85.2707
63.3779 74.4461
60.8442 64.4554
37.2812 69.7292
14.5445 32.73
67.3487 85.7849
27.3581 45.4105
52.4658 95.9741
25.5954 83.8904
38.2421 54.0813
10.8022 47.1419
29.644 36.5337
53.0084 59.7945
8.46034 60.3691
28.0749 33.0669
60.1937 77.8796
13.3455 41.2575
34.6399 77.801
2.10177 71.9211
16.6463 47.5302
4.65112 14.8788
2.43126 32.0092
54.897 60.2893
27.9833 85.8847
38.7874 66.2254
39.9659 49.5896
13.3673 69.6099
66.3758 86.1234
29.4043 94.5837
26.7448 62.4713
4.62443 22.6586
22.665 36.0041
45.882 57.3049
13.805 47.9837
29.226 61.3352
33.8771 64.6301
67.0613 76.214
36.5033 65.8863
21.9583 93.8696
22.388 60.7458
60.0951 62.3539
10.3354 73.4624
31.9638 96.4588
39.8381 61.3681
66.583 91.0425
13.7011 23.8394
46.5044 71.2074
17.0894 49.7052
3.80923 63.5102
33.0352 65.0731
24.8454 29.7032
1.05941 66.9123
32.7986 96.7645
18.7228 37.5627
26.6682 59.9507
79.4686 86.7633
22.3046 89.804
54.2684 60.2256
0.0637739 86.2627
15.6365 77.3052
39.4758 66.6468
37.8542 91.0063
40.7115 85.9802
54.9435 89.7894
4.22165 20.0167
22.8246 29.0671
49.7198 89.7369
30.1265 46.4843
22.5354 67.6892
49.2037 65.2071
27.6399 44.6757
35.9669 49.9445
34.4797 96.1926
4.21284 20.7424
19.8493 96.2563
62.9031 98.0477
59.3251 89.054
0.757261 45.3054
29.7654 55.7008
33.9871 35.0948
57.9194 75.7175
25.4373 63.0541
47.6563 93.1806
70.1917 71.9216
37.1287 60.8698
19.3954 88.5097
55.3623 81.8044
16.2841 38.4542
42.667 51.5549
37.0265 47.8112
35.0742 62.5163
10.7143 21.8414
11.4716 24.1282
53.8936 67.1468
2.24159 67.1724
42.8898 87.8806
50.9348 60.161
7.81731 68.3271
40.2487 44.1153
4.98511 78.0091
77.3774 97.4045
59.1818 93.4948
31.9489 52.7668
4.32167 75.4659
12.4925 74.6159
37.1322 52.1329
47.5667 62.8472
58.9737 71.6948
26.1205 74.3188
25.5884 41.4911
13.469 28.3621
84.381 88.5231
52.7081 64.4038
8.51914 96.3404
74.3494 92.9568
13.5043 70.3342
6.99903 71.7539
24.5207 29.5161
4.98202 38.948
13.5639 28.8423
17.4745 80.9752
50.6961 65.0412
9.66977 43.8224
18.1412 36.736
35.7902 62.3244
59.6323 64.1523
44.0132 75.7934
40.1972 52.6753
49.0157 96.7213
48.7164 89.6782
23.3651 62.2206
60.0124 95.119
69.2197 89.5285
8.16763 19.6397
48.482 94.5105
11.985 21.7315
29.4572 72.4276
73.2796 77.0262
13.7622 82.0974
17.8876 91.4208
51.0531 76.0865
51.88 82.0399
34.7152 95.0663
91.7876 92.0772
40.7936 83.731
7.09609 81.4658
3.01421 41.4782
2.21512 72.2339
21.8548 31.0067
25.5172 80.4015
2.13302 70.3368
37.5022 99.7941
14.5283 74.5606
56.658 73.0737
28.2905 64.4945
4.37702 74.5457
15.5475 56.5856
10.6139 56.257
48.3342 91.3008
2.4015 75.0318
83.8673 89.1278
82.1278 92.142
25.3455 84.343
56.3522 64.3759
6.19777 44.7774
76.5346 81.8693
19.3715 46.9104
21.471 76.3287
33.8998 49.4024
62.1903 78.1291
13.8968 52.6747
29.4444 66.5673
9.26029 22.8243
0.561089 40.0582
42.4597 71.1585
60.2863 75.5928
26.3271 57.7207
51.6726 52.4283
16.8042 42.0636
8.02473 48.2614
61.5816 89.8941
8.492 24.796
1.12468 9.26556
29.963 43.1654
8.09213 50.527
5.35568 64.4239
60.7669 71.923
70.0272 93.8683
33.9265 94.7473
65.9058 70.5883
46.1811 76.3863
2.71332 26.1922
3.90178 78.6205
45.9654 54.3859
62.4106 95.4247
57.0063 94.2268
19.0229 52.3047
61.5702 65.4983
20.1475 95.4613
4.73562 70.6746
3.55346 10.0913
35.0985 64.3203
28.9667 82.0143
34.3475 76.7616
4.93575 62.8933
39.2795 42.6675
51.1168 68.8596
41.9928 55.0186
47.4801 96.3787
0.984053 42.9048
58.7893 95.2109
11.094 99.9111
14.2338 65.4094
34.3813 72.6642
60.8707 77.3999
5.05588 64.4242
40.1543 87.4912
28.7445 69.5055
63.092 69.1211
32.0143 46.2671
68.0278 88.9346
19.1446 71.2938
13.2867 57.7943
5.27439 74.1632
9.66541 75.1473
48.1792 68.4547
48.0903 70.3582
79.5488 84.5919
13.4997 52.213
18.9732 74.3705
24.0291 29.6129
17.104 38.7947
64.1835 67.5392
33.3046 86.6095
30.6312 32.8767
65.3189 98.659
21.8113 36.6127
17.8036 79.6055
49.8994 91.9668
59.5648 84.8799
33.0591 67.1141
28.0196 37.4723
7.56834 81.1495
22.0643 94.6492
41.0375 59.7813
69.0197 89.3942
7.81437 65.0666
6.49826 29.2501
75.3536 93.1078
5.98474 62.5547
25.9845 27.8735
4.6437 47.7957
22.4473 64.4863
14.3857 27.4012
12.2812 14.4141
73.9505 81.5282
1.97013 45.3403
19.0005 26.4898
9.53847 41.0648
21.139 69.3198
82.1023 90.1587
47.1689 58.714
65.2123 97.9731
73.3267 76.419
38.9737 58.3201
79.3114 84.3045
66.8472 83.9551
31.3335 32.1003
6.4024 59.5015
20.8165 45.7192
19.6697 71.7827
2.34471 17.123
21.3452 21.6399
31.1783 43.6128
62.41 64.7518
0.498146 44.5123
54.9106 59.2122
52.8837 91.6811
24.4244 68.1002
26.2104 82.7445
5.52177 7.07382
67.0491 73.921
89.4769 99.1493
5.25451 95.8793
50.9737 58.6508
16.6958 30.4335
19.0405 70.6435
47.5565 92.2833
40.3857 91.1693
2.79571 23.4617
23.9598 55.9211
10.8317 47.308
38.9891 83.172
7.59642 63.7154
7.08926 89.9257
14.1631 90.341
57.39 95.4475
84.9244 88.0841
56.5394 93.3386
15.1902 80.8037
44.3123 97.4995
14.9558 45.6237
16.54 93.1802
7.23911 56.9257
30.7008 84.3495
40.2706 59.7214
7.02935 54.6606
37.8326 51.1023
14.8176 46.0185
45.429 53.1077
4.74334 35.7699
0.190825 67.2708
55.3549 93.16
49.6993 85.1152
48.6935 65.9189
64.8895 93.0058
10.5132 63.4183
7.9616 79.9583
3.69348 15.2007
36.884 88.043
45.9015 96.6054
0.562067 28.3136
3.63472 79.4159
38.3946 49.6532
83.8236 94.2335
2.76088 98.9769
19.5936 70.0317
12.7535 99.1677
25.3865 84.2829
62.4528 74.08
27.3424 50.2018
13.6201 67.0858
37.8556 75.0474
41.5491 93.5784
30.4624 90.2481
29.5921 36.1496
27.0678 57.9057
30.7025 36.7117
37.3216 75.1063
31.5551 80.3556
58.9299 83.1165
30.532 78.5235
29.6997 53.1482
78.5347 91.277
13.9826 53.7299
52.6147 64.1844
19.7006 81.0722
18.9278 77.8045
71.3829 94.748
60.4769 84.9961
1.84529 90.069
21.1458 28.913
47.9747 57.8575
59.6155 85.2963
32.9638 39.9712
16.8515 91.8937
23.0877 47.3835
70.4172 76.2359
61.6942 77.0832
54.7706 91.0659
7.38529 15.4241
55.2503 96.4963
27.0859 33.0548
15.4242 21.8339
4.43766 75.9011
6.28296 6.83002
27.9758 65.9701
13.9448 35.196
85.8332 94.8115
18.797 99.2412
16.0926 34.7827
10.6907 57.8704
63.4762 81.1079
34.1062 40.5594
42.8022 88.8768
31.6252 58.2262
86.8755 96.2621
23.3479 54.7226
19.9302 70.1467
24.3679 45.1818
46.0478 52.0118
12.0179 30.6509
65.8469 79.9876
25.9627 65.8208
25.2039 60.6584
84.6179 95.4411
41.2965 95.3086
4.7727 53.3115
76.4165 87.4177
19.2186 45.3321
76.2945 76.9573
72.5566 77.4449
32.1674 63.8328
83.7631 95.9045
2.31416 41.0863
8.13097 48.362
38.7818 93.0982
60.3799 73.0858
4.62872 86.3426
38.9066 65.2871
11.5465 23.5245
52.843 60.7282
14.0397 18.8331
57.6157 95.2495
1.4574 2.94782
14.4682 77.7519
79.9051 91.913
43.7379 50.3085
24.0805 46.213
26.3946 27.501
35.632 87.2993
74.7566 80.3975
35.1365 74.4138
53.4833 79.0425
21.4791 92.3899
33.0256 44.3297
5.05788 15.9144
34.7475 85.8686
19.0976 43.4843
20.555 29.997
44.4652 46.4322
26.3373 98.3069
36.3782 48.6153
60.4587 70.0752
94.8283 97.5762
82.1277 86.8533
33.2082 61.6099
7.62204 62.5252
16.0085 96.7464
18.2255 86.6646
8.39844 30.9942
24.3129 51.251
36.0521 37.1196
55.1497 59.0604
80.604 89.0574
27.0361 75.7047
33.5226 74.0115
53.3734 69.9008
22.6269 23.4486
17.4552 30.3595
17.2128 21.0249
54.2331 99.5829
62.1081 78.8228
61.8552 75.5692
48.5197 78.1166
86.515 93.7946
45.0456 79.514
10.8279 15.5661
69.8883 82.1653
62.7692 70.7158
46.4204 58.9457
89.8053 92.4683
20.432 43.1787
43.0589 62.3691
66.6273 92.7286
60.5141 87.6522
9.94143 60.097
41.8853 88.7642
3.74048 22.2051
0.321686 64.3333
52.2602 58.128
31.7742 86.8367
3.17362 97.6646
47.3402 85.3389
18.056 67.5529
26.4986 48.1081
37.9134 64.4764
18.9669 84.9084
81.0921 81.336
27.9672 47.7195
74.0646 88.4813
35.3717 84.0061
48.5783 77.257
70.7834 72.7703
37.1036 80.9975
33.2577 71.1051
57.9418 95.2316
65.0319 98.4052
12.3721 55.6065
23.1594 83.7441
30.4281 31.8522
49.658 94.9046
68.625 69.7656
50.8577 79.813
7.7802 49.961
24.0256 98.5772
33.9489 96.2615
8.03171 44.8399
11.2059 80.802
15.6233 92.2034
17.9056 86.7284
13.1372 25.4611
44.6702 90.493
0.276691 11.5423
2.86515 95.2864
23.4361 33.2933
27.1386 73.0941
28.1979 96.9042
8.01081 41.7191
47.7619 91.6801
15.791 46.339
12.0526 15.7058
23.7375 80.2879
56.8924 91.4938
4.53945 72.5157
22.445 83.6972
9.1583 59.2441
3.91432 35.5822
47.1245 99.6513
2.51647 4.19101
27.6271 42.4109
35.8098 69.5495
0.721248 64.0076
42.4404 66.4537
14.2155 72.0184
34.1205 87.8094
49.8263 60.5545
40.8424 99.862
56.7544 73.5637
32.3362 78.1032
16.0334 29.2701
0.548206 88.5142
25.1917 36.1304
24.843 92.4285
83.2549 96.6195
25.6658 27.3595
24.2466 63.1692
24.9679 95.2153
27.1768 61.669
67.4083 99.1952
1.52874 75.8845
36.4391 87.0047
51.355 86.8667
24.9187 77.2815
9.61768 43.6211
3.02191 72.8912
3.57012 25.651
50.8427 61.4054
39.7005 53.8339
22.9554 75.6857
3.04516 50.4535
48.6212 74.7001
43.8366 66.2144
93.3912 99.668
5.50559 67.0763
81.3901 92.5864
68.605 79.5911
17.8292 19.96
66.4578 95.1107
10.0789 44.8787
4.72833 47.9006
30.3794 82.97
44.3754 51.4708
81.2221 91.1713
56.9078 98.2093
14.1267 48.6628
59.953 62.7479
23.3629 26.1673
6.58448 23.0309
12.0901 19.5585
12.145 90.1072
58.7122 93.4802
11.3094 91.7361
58.1939 78.6722
6.42001 23.5509
11.1483 68.2728
51.2428 71.4515
22.9223 41.5277
22.7498 95.6183
14.0936 93.8276
28.2202 79.6576
39.6106 42.4904
65.8533 90.9681
65.7779 97.5526
85.3364 88.8842
9.64267 78.9914
3.12285 97.4814
37.7036 89.2175
14.4322 16.3757
20.8522 47.4115
15.6842 39.9266
11.3782 32.0006
66.9271 73.5283
34.3004 62.5453
48.394 96.2781
56.373 75.9357
76.6142 98.8634
15.5463 67.5823
64.7167 81.3242
53.6009 65.1349
66.6606 74.7776
32.5923 64.1421
70.2959 77.9005
53.3596 92.3327
0.771057 86.6716
13.1849 26.5982
16.4553 45.1854
37.9764 83.3824
18.7137 72.2768
14.9918 45.9277
2.30069 20.6708
90.9275 97.2851
1.16407 6.47381
64.8674 65.8808
30.0023 87.798
19.4817 54.4586
4.77996 52.074
18.6007 82.6804
22.3699 71.9603
9.04154 75.0131
72.7314 88.198
35.6398 89.1867
33.3834 73.6161
52.0972 72.569
18.4968 45.893
66.5638 67.089
20.7974 58.0165
21.9615 63.8489
28.7163 64.4903
52.2883 87.8423
7.32401 58.7186
6.74692 63.4986
25.3476 59.3981
46.179 81.768
21.1921 97.3079
70.0393 90.8095
9.39009 26.4493
42.7735 59.2259
0.0654163 31.7949
45.9584 94.8707
50.2917 61.9596
12.5222 71.0891
19.9761 76.371
84.4664 93.0507
5.0873 80.8929
36.7547 63.8059
43.5016 88.217
27.3045 47.615
68.8492 73.4835
29.383 66.1571
20.1925 94.6755
4.06563 36.1964
46.6418 95.4223
46.7072 46.8392
27.2172 41.7098
77.5089 92.6656
3.66945 5.18777
23.6456 48.5981
41.6487 81.5588
8.11196 86.6461
22.5417 44.8667
10.7586 50.452
77.7565 88.3683
57.2175 58.3736
51.2399 87.7566
23.3746 45.9155
7.94913 59.571
49.9811 54.5909
54.9933 96.8202
1.29812 82.2105
38.5301 93.9637
42.1995 59.7195
8.31755 99.1515
65.8451 80.7103
49.9663 73.957
67.3564 72.5079
17.8084 18.8237
7.19196 83.2666
41.6402 95.5649
46.8048 64.4094
29.3968 87.7841
37.3459 92.7202
42.7013 47.3551
2.34836 91.9369
39.5216 93.235
78.0517 84.5589
44.2784 87.1987
20.2512 86.3502
52.5959 86.0963
2.56221 67.0604
34.4168 60.0533
75.0701 78.877
52.2252 58.3367
47.7901 86.069
50.4784 99.9769
29.3737 94.5949
38.2625 87.3151
66.7196 85.6175
30.0164 58.6565
69.538 87.9659
51.8915 72.5248
39.0901 47.5897
16.8032 67.8409
25.4403 69.3991
53.9371 92.5008
13.9904 71.9613
26.9176 47.0314
79.1428 92.8674
5.36815 78.9364
5.34504 26.9329
21.5278 29.4148
34.7187 67.6773
1.43837 8.84291
38.8594 53.2948
41.2606 60.0949
8.39738 11.9863
13.7854 55.9871
30.5886 51.0765
23.8279 76.5168
77.7651 99.9877
69.0175 71.949
91.7555 95.9351
18.9804 84.6229
24.3486 75.078
2.01088 63.5593
29.6936 92.9741
23.5387 64.4124
32.3816 60.6514
13.9462 65.8507
25.9456 71.2409
55.2068 79.6383
37.9319 68.9923
35.6254 89.0083
59.4533 99.5808
65.5251 99.5685
34.5426 37.2184
28.9739 71.5175
30.4777 90.4979
5.55569 13.5968
14.8465 77.1561
7.56657 44.5401
31.1052 70.1303
8.95244 30.7817
63.4868 74.8032
34.7278 44.7279
0.748726 99.9347
14.3661 38.6806
49.9915 68.927
27.6889 68.5078
9.44478 93.214
46.6632 68.0763
27.7567 39.5938
58.2344 75.637
30.0917 89.2338
44.9382 63.7901
66.3899 71.3567
36.5201 89.4783
2.4619 98.4307
65.9487 67.3018
12.0297 73.2338
0.676496 73.9826
11.9644 15.0426
12.6632 80.8913
40.3521 65.034
49.3991 74.4788
17.4754 33.5662
21.142 61.3228
57.0692 96.779
19.5572 87.1609
83.3473 86.0128
32.0991 52.4027
21.5773 54.704
57.1659 88.9228
20.008 56.2246
23.1146 93.2419
23.7911 68.2543
67.2244 80.2187
38.8337 79.8876
3.86772 61.11
10.5091 20.2397
53.8059 78.3465
27.9846 99.4885
15.1287 85.0538
34.6859 96.2675
72.2147 82.2803
4.31379 18.0333
34.683 72.7372
23.6058 25.8911
29.9031 45.8991
53.0177 79.8304
39.141 48.0847
6.36542 76.8088
15.6424 28.3034
86.253 89.4134
6.49278 19.5101
97.8567 99.9225
27.9071 60.2987
75.4274 97.3452
12.9609 93.6127
10.1134 85.1757
28.1466 75.893
10.576 89.4894
0.88382 15.3806
30.7869 34.1818
14.0121 61.2797
0.420657 83.8046
60.6133 62.0968
6.78608 90.4002
76.2558 93.0391
79.8136 95.7659
79.7362 99.5319
59.8306 93.6226
7.64328 90.9678
20.6042 35.258
45.3713 84.5806
5.77987 60.4736
73.518 95.2693
71.0496 74.4018
5.23135 10.6499
5.18867 71.9295
19.2435 88.9932
72.3502 81.3403
49.6066 79.1363
25.8623 71.7406
51.5542 72.1754
21.6282 71.7073
15.2508 31.2903
31.5379 38.9336
6.21867 66.7959
59.5378 90.7992
12.1672 65.3177
51.2729 85.6852
22.3225 60.587
60.0869 71.2369
27.5538 65.2756
43.1664 46.7973
15.5166 54.2688
3.87541 28.1376
94.6529 99.8782
29.7377 66.8282
51.366 51.4324
38.5355 82.7227
66.6168 70.0734
21.6563 72.8355
36.8692 81.1941
49.0364 63.6347
14.9076 46.5118
7.09879 34.7216
37.23 94.8085
64.7838 78.3356
21.502 60.0841
11.5811 14.353
37.0186 39.7188
18.2284 31.6715
39.597 47.9661
91.0293 98.4997
37.0353 99.3321
65.9489 73.752
7.10865 95.4083
38.7844 43.9779
2.41913 76.6024
23.1142 93.0144
17.3267 27.736
30.213 54.5568
8.54866 22.5445
19.3406 82.6286
30.0507 30.9217
67.0693 96.9816
15.21 70.6405
10.2375 98.7408
63.1761 97.2406
1.26684 62.5082
34.2758 75.0189
28.4572 41.3845
67.2416 70.4272
47.0297 85.3624
69.6607 78.3767
70.1439 86.9874
0.356898 6.11268
28.6572 41.5442
8.90556 60.8848
11.2858 38.9563
8.26744 91.8065
6.02559 62.447
4.76641 23.4775
72.6845 86.6536
2.00696 73.9514
36.2828 49.1618
48.9702 77.619
19.3975 77.6672
44.8605 63.0296
14.5212 66.4271
36.571 41.4063
1.50862 47.519
36.9279 43.0528
45.8334 76.1762
3.93755 87.462
84.7897 95.744
90.8153 95.7294
19.2069 58.1911
30.8756 95.5817
5.86047 97.5887
4.82694 55.0223
33.8714 53.7972
11.5387 32.6413
73.1946 77.5018
39.6217 74.5683
15.9746 92.023
76.1927 93.5316
13.1206 63.4936
36.5844 39.6698
40.522 58.9541
27.1318 43.7438
22.8612 36.266
34.5591 94.4571
30.1408 42.0681
25.3327 47.9286
27.7294 30.1596
2.95085 61.6009
35.5921 83.9568
57.1514 73.1396
13.0939 47.7079
5.11695 96.7732
63.6825 72.9659
27.1761 98.6486
35.233 86.0865
45.0405 66.8459
75.755 93.9777
12.021 88.7843
16.8389 23.3434
6.47811 58.907
31.8108 53.4841
6.83555 81.2136
9.7864 61.9704
42.8145 45.9272
15.9541 45.3785
3.07858 58.4725
63.662 99.8517
27.3445 63.5894
62.238 72.8176
54.5206 58.9041
21.3665 97.471
3.94464 73.226
15.3442 92.729
32.1831 85.247
16.0723 91.7251
69.5565 91.0901
23.5359 97.9257
50.7701 85.5063
7.71206 93.5846
31.4335 53.0906
9.53865 34.512
11.563 73.2006
34.3638 75.1524
0.545092 7.18137
37.3904 55.0657
34.8615 66.0855
70.0301 76.4322
8.0875 91.7764
62.7591 93.3345
23.9596 78.8314
15.0497 85.0597
8.59561 48.3879
12.9753 99.1579
20.6874 94.1019
25.5354 92.7425
2.28115 73.778
60.0474 85.341
75.4818 94.4112
60.4935 76.0269
1.59255 97.8839
31.0925 67.678
7.52476 32.7454
37.7081 40.8329
0.467197 99.3012
23.2607 34.1674
19.2271 79.2986
27.6864 38.3104
27.8227 51.2858
21.9246 26.8444
19.5869 71.9732
45.7512 47.46
7.50741 21.868
31.0922 97.3498
1.91858 91.5857
3.51113 73.3766
4.46918 89.4696
22.215 71.1892
8.89728 11.9939
11.2951 63.0479
9.36448 97.2153
34.5559 88.6631
16.4424 72.8663
16.3495 44.2651
24.152 43.1939
66.1898 96.1252
13.6498 62.7808
41.8763 84.6488
21.1572 72.9685
23.0757 81.9985
55.3752 64.5542
26.5869 54.0238
59.8444 97.776
71.8383 76.2387
6.67331 39.2866
16.0378 83.1334
17.6893 36.5019
4.70086 52.9443
21.0504 90.5556
14.7076 97.2094
63.3992 64.2443
10.8328 27.025
52.7091 77.049
11.6738 98.2061
25.6776 93.6723
21.2819 90.2318
47.8687 49.0475
8.89187 44.2555
20.4943 45.6448
52.3181 80.7302
59.7809 63.8636
68.3559 96.2828
73.0567 81.5529
49.2271 72.1084
46.4365 94.1071
58.3514 86.816
9.83575 97.6488
85.3764 86.8847
50.3579 97.0502
76.0355 85.0908
