45.9173 55.9173
16.4581 26.4581
80.3537 90.3537
55.8825 65.8825
83.5155 93.5155
56.0038 66.0038
67.2059 77.2059
56.464 66.464
60.3631 70.3631
51.0707 61.0707
48.9389 58.9389
67.1896 77.1896
12.9131 22.9131
88.4488 98.4488
12.0304 22.0304
85.0182 95.0182
73.3171 83.3171
56.3689 66.3689
77.2412 87.2412
85.4031 95.4031
73.0332 83.0332
65.7544 75.7544
47.4075 57.4075
87.2257 97.2257
61.1341 71.1341
50.2747 60.2747
12.3692 22.3692
75.4702 85.4702
19.0069 29.0069
72.6969 82.6969
12.448 22.448
64.9242 74.9242
47.5994 57.5994
52.2462 62.2462
79.2511 89.2511
41.115 51.115
66.6944 76.6944
56.457 66.457
8.57896 18.579
38.0575 48.0575
17.5277 27.5277
57.5178 67.5178
15.2471 25.2471
31.4408 41.4408
14.4111 24.4111
75.7219 85.7219
26.4591 36.4591
87.7281 97.7281
43.0908 53.0908
62.1447 72.1447
41.5756 51.5756
74.5684 84.5684
86.3436 96.3436
47.4276 57.4276
30.2385 40.2385
16.9221 26.9221
8.70231 18.7023
43.6078 53.6078
50.8367 60.8367
27.7092 37.7092
74.7492 84.7492
22.7292 32.7292
2.63345 12.6335
32.3486 42.3486
33.4198 43.4198
81.8846 91.8846
74.4636 84.4636
10.1142 20.1142
48.3416 58.3416
41.487 51.487
48.1716 58.1716
24.3138 34.3138
57.4492 67.4492
21.8631 31.8631
14.199 24.199
31.3048 41.3048
57.0295 67.0295
89.1025 99.1025
29.0329 39.0329
58.5647 68.5647
20.6917 30.6917
30.053 40.053
43.133 53.133
65.4797 75.4797
77.4805 87.4805
31.816 41.816
82.4018 92.4018
86.1828 96.1828
75.4238 85.4238
44.2385 54.2385
23.8921 33.8921
18.6174 28.6174
66.9677 76.9677
74.97 84.97
51.966 61.966
10.3874 20.3874
66.8545 76.8545
84.874 94.874
68.9461 78.9461
73.6406 83.6406
84.8054 94.8054
28.1177 38.1177
57.3988 67.3988
52.2547 62.2547
8.42529 18.4253
30.0423 40.0423
42.0039 52.0039
65.4548 75.4548
30.1448 40.1448
72.0367 82.0367
34.0194 44.0194
9.28098 19.281
60.5341 70.5341
35.5969 45.5969
74.7607 84.7607
48.0147 58.0147
68.413 78.413
68.1625 78.1625
3.64196 13.642
12.2812 22.2812
70.8454 80.8454
27.534 37.534
80.3431 90.3431
6.25756 16.2576
61.9484 71.9484
42.3091 52.3091
65.0895 75.0895
87.2474 97.2474
85.6276 95.6276
44.0355 54.0355
71.888 81.888
80.433 90.433
30.5977 40.5977
87.7313 97.7313
1.13208 11.1321
40.023 50.023
27.7736 37.7736
44.1359 54.1359
63.9222 73.9222
57.9184 67.9184
74.6171 84.6171
57.3861 67.3861
67.1994 77.1994
45.1513 55.1513
2.98301 12.983
11.4045 21.4045
3.16594 13.1659
29.8404 39.8404
79.567 89.567
55.2523 65.2523
1.56611 11.5661
60.4125 70.4125
42.2308 52.2308
81.9092 91.9092
25.1145 35.1145
14.1793 24.1793
82.6627 92.6627
0.203921 10.2039
11.4267 21.4267
78.2903 88.2903
44.2394 54.2394
41.7592 51.7592
27.1677 37.1677
75.8371 85.8371
39.4905 49.4905
28.2998 38.2998
74.3045 84.3045
68.264 78.264
72.4357 82.4357
48.2267 58.2267
84.6269 94.6269
57.0529 67.0529
15.6128 25.6128
21.2707 31.2707
60.6486 70.6486
68.0402 78.0402
32.6752 42.6752
23.259 33.259
56.3251 66.3251
70.6867 80.6867
78.5113 88.5113
57.8912 67.8912
89.5436 99.5436
30.7421 40.7421
8.24484 18.2448
24.6581 34.6581
44.9214 54.9214
49.352 59.352
24.862 34.862
57.3481 67.3481
37.6423 47.6423
69.1014 79.1014
57.5517 67.5517
64.8101 74.8101
13.383 23.383
8.04215 18.0422
52.5543 62.5543
87.6875 97.6875
34.7506 44.7506
34.99 44.99
46.9142 56.9142
29.3775 39.3775
51.4874 61.4874
62.527 72.527
9.09269 19.0927
22.1359 32.1359
89.0116 99.0116
41.7679 51.7679
45.3949 55.3949
56.3367 66.3367
22.4546 32.4546
83.3506 93.3506
72.6723 82.6723
21.9982 31.9982
24.0928 34.0928
81.9172 91.9172
5.10068 15.1007
70.0142 80.0142
41.2692 51.2692
29.9627 39.9627
85.8067 95.8067
38.356 48.356
10.0641 20.0641
53.3584 63.3584
61.6105 71.6105
23.447 33.447
19.845 29.845
24.1648 34.1648
70.579 80.579
54.5956 64.5956
18.5993 28.5993
27.4932 37.4932
43.4176 53.4176
28.5311 38.5311
48.4645 58.4645
52.5103 62.5103
9.11146 19.1115
48.4762 58.4762
5.27818 15.2782
55.5064 65.5064
63.2573 73.2573
76.1772 86.1772
7.30144 17.3014
45.9297 55.9297
57.6199 67.6199
31.3942 41.3942
86.2913 96.2913
62.7205 72.7205
59.8528 69.8528
87.0049 97.0049
3.68319 13.6832
14.1039 24.1039
35.3609 45.3609
62.1917 72.1917
68.4623 78.4623
55.4159 65.4159
44.0832 54.0832
46.7517 56.7517
39.0251 49.0251
24.6621 34.6621
60.7918 70.7918
57.6244 67.6244
10.5997 20.5997
14.2093 24.2093
86.1555 96.1555
18.5087 28.5087
25.164 35.164
5.26699 15.267
25.4294 35.4294
30.4422 40.4422
19.2178 29.2178
88.6867 98.6867
66.0639 76.0639
26.5192 36.5192
3.06076 13.0608
82.1282 92.1282
17.3579 27.3579
0.352046 10.352
54.8487 64.8487
77.2107 87.2107
87.357 97.357
16.9764 26.9764
2.31465 12.3146
81.1624 91.1624
79.1681 89.1681
29.2214 39.2214
5.02272 15.0227
82.6957 92.6957
75.9731 85.9731
44.0479 54.0479
65.8023 75.8023
5.2093 15.2093
11.6723 21.6723
77.402 87.402
19.4186 29.4186
56.2723 66.2723
5.91075 15.9108
45.5827 55.5827
62.5393 72.5393
31.3401 41.3401
34.4693 44.4693
40.2015 50.2015
78.4712 88.4712
58.9777 68.9777
26.1652 36.1652
81.532 91.532
51.1059 61.1059
43.5231 53.5231
81.884 91.884
16.9546 26.9546
30.7338 40.7338
37.6855 47.6855
82.3754 92.3754
33.0484 43.0484
77.2923 87.2923
72.5434 82.5434
20.7143 30.7143
83.315 93.315
23.6836 33.6836
56.1318 66.1318
37.3629 47.3629
89.4858 99.4858
61.3411 71.3411
50.0352 60.0352
35.3323 45.3323
81.7597 91.7597
16.3074 26.3074
89.6875 99.6875
85.7869 95.7869
37.2911 47.2911
79.472 89.472
78.7007 88.7007
78.4926 88.4926
67.9432 77.9432
48.6783 58.6783
14.6578 24.6578
60.4752 70.4752
9.78422 19.7842
58.1809 68.1809
10.8037 20.8037
75.1833 85.1833
47.3591 57.3591
7.9336 17.9336
68.5586 78.5586
39.8519 49.8519
85.2259 95.2259
9.54652 19.5465
60.5662 70.5662
78.5409 88.5409
81.6745 91.6745
26.698 36.698
26.9038 36.9038
81.1604 91.1604
89.0391 99.0391
35.3834 45.3834
75.9371 85.9371
39.2433 49.2433
51.6908 61.6908
75.6246 85.6246
35.0302 45.0302
48.4264 58.4264
66.0966 76.0966
72.1753 82.1753
36.919 46.919
2.48431 12.4843
30.8536 40.8536
10.0213 20.0213
21.404 31.404
0.0823034 10.0823
26.6466 36.6466
33.2077 43.2077
75.2656 85.2656
74.0057 84.0057
89.5857 99.5857
12.2686 22.2686
72.3021 82.3021
84.8116 94.8116
70.2596 80.2596
43.8683 53.8683
74.3525 84.3525
61.9341 71.9341
29.0107 39.0107
59.7007 69.7007
12.5389 22.5389
28.0499 38.0499
5.08403 15.084
88.476 98.476
67.2932 77.2932
15.2193 25.2193
32.5451 42.5451
60.7678 70.7678
63.6457 73.6457
8.64166 18.6417
43.9431 53.9431
59.0091 69.0091
12.126 22.126
33.2412 43.2412
69.0304 79.0304
33.5299 43.5299
33.3235 43.3235
54.1215 64.1215
25.1821 35.1821
68.0335 78.0335
87.5716 97.5716
73.2122 83.2122
38.7466 48.7466
69.8737 79.8737
69.0238 79.0238
20.0062 30.0062
23.742 33.742
11.8207 21.8207
40.3848 50.3848
53.7528 63.7528
71.5214 81.5214
52.9237 62.9237
40.2471 50.2471
35.0499 45.0499
9.8442 19.8442
66.9847 76.9847
50.2692 60.2692
43.3892 53.3892
86.197 96.197
73.3593 83.3593
10.4754 20.4754
40.1401 50.1401
42.3684 52.3684
71.0458 81.0458
32.8257 42.8257
70.8432 80.8432
64.0202 74.0202
66.1492 76.1492
34.9647 44.9647
89.2022 99.2022
2.62719 12.6272
32.5363 42.5363
73.4144 83.4144
42.3738 52.3738
61.8545 71.8545
10.8827 20.8827
20.8244 30.8244
44.0409 54.0409
71.1479 81.1479
61.2092 71.2092
7.79369 17.7937
11.1137 21.1137
25.1329 35.1329
7.4852 17.4852
46.1636 56.1636
83.4216 93.4216
74.4699 84.4699
54.8772 64.8772
36.8108 46.8108
70.6669 80.6669
38.2365 48.2365
48.2862 58.2862
70.2514 80.2514
40.0493 50.0493
29.332 39.332
13.0771 23.0771
69.337 79.337
3.35213 13.3521
37.6708 47.6708
14.3017 24.3017
51.9988 61.9988
41.298 51.298
6.28249 16.2825
83.8577 93.8577
42.1162 52.1162
26.5814 36.5814
53.1848 63.1848
62.9407 72.9407
70.6224 80.6224
34.3327 44.3327
82.5943 92.5943
79.416 89.416
45.4465 55.4465
66.1717 76.1717
45.3457 55.3457
1.61008 11.6101
60.5933 70.5933
29.8156 39.8156
14.9317 24.9317
7.4041 17.4041
10.4825 20.4825
12.6127 22.6127
14.1347 24.1347
39.1783 49.1783
52.662 62.662
44.4667 54.4667
52.2554 62.2554
31.999 41.999
6.26325 16.2633
49.3707 59.3707
4.74514 14.7451
16.7065 26.7065
49.1131 59.1131
59.4721 69.4721
10.5642 20.5642
1.22936 11.2294
86.0535 96.0535
63.749 73.749
22.6145 32.6145
26.1203 36.1203
8.08175 18.0818
15.2088 25.2088
15.5364 25.5364
53.5282 63.5282
82.3805 92.3805
19.3265 29.3265
13.5827 23.5827
11.4182 21.4182
49.1421 59.1421
29.5145 39.5145
18.8223 28.8223
18.069 28.069
0.571604 10.5716
82.4015 92.4015
58.2473 68.2473
53.2336 63.2336
85.3126 95.3126
68.9471 78.9471
43.677 53.677
1.57584 11.5758
76.7622 86.7622
6.8666 16.8666
19.2823 29.2823
35.8754 45.8754
25.7831 35.7831
78.291 88.291
85.5492 95.5492
70.2811 80.2811
11.4844 21.4844
66.6081 76.6081
6.40139 16.4014
68.0106 78.0106
41.2613 51.2613
70.3822 80.3822
80.9833 90.9833
82.0862 92.0862
89.7087 99.7087
53.0105 63.0105
3.50442 13.5044
48.8507 58.8507
82.525 92.525
22.3267 32.3267
26.3641 36.3641
41.541 51.541
63.1726 73.1726
43.0558 53.0558
53.219 63.219
58.4852 68.4852
70.4474 80.4474
6.89605 16.896
61.0611 71.0611
58.2096 68.2096
63.2071 73.2071
38.7878 48.7878
4.08498 14.085
88.9902 98.9902
75.5233 85.5233
49.0786 59.0786
69.2713 79.2713
87.0077 97.0077
25.6866 35.6866
76.6727 86.6727
24.4628 34.4628
66.9479 76.9479
57.0549 67.0549
15.4461 25.4461
59.0342 69.0342
16.208 26.208
68.4565 78.4565
62.5386 72.5386
65.0587 75.0587
20.4259 30.4259
44.3098 54.3098
49.8673 59.8673
61.9669 71.9669
17.4824 27.4824
2.92317 12.9232
26.186 36.186
76.9676 86.9676
74.3706 84.3706
81.5265 91.5265
6.47309 16.4731
1.02465 11.0247
54.7335 64.7335
3.70537 13.7054
5.10963 15.1096
12.1682 22.1682
79.2286 89.2286
12.6327 22.6327
82.4395 92.4395
35.6808 45.6808
39.3193 49.3193
27.5566 37.5566
60.1435 70.1435
64.7117 74.7117
43.056 53.056
34.0341 44.0341
34.7459 44.7459
59.264 69.264
12.4906 22.4906
55.7289 65.7289
83.7671 93.7671
81.361 91.361
58.4831 68.4831
43.6345 53.6345
54.3279 64.3279
76.9655 86.9655
6.00208 16.0021
38.9583 48.9583
22.3775 32.3775
80.3727 90.3727
30.4848 40.4848
77.295 87.295
81.3973 91.3973
44.6627 54.6627
81.0004 91.0004
44.9514 54.9514
56.831 66.831
28.6735 38.6735
17.0285 27.0285
7.71492 17.7149
22.7987 32.7987
56.3478 66.3478
83.716 93.716
41.3867 51.3867
31.0595 41.0595
86.2164 96.2164
75.4207 85.4207
24.2498 34.2498
55.4804 65.4804
47.3558 57.3558
39.4232 49.4232
7.69197 17.692
38.7167 48.7167
7.90625 17.9063
52.3264 62.3264
51.4891 61.4891
43.3162 53.3162
16.773 26.773
0.447369 10.4474
65.6937 75.6937
55.5901 65.5901
80.3766 90.3766
11.4332 21.4332
5.4318 15.4318
35.0393 45.0393
2.43357 12.4336
50.3832 60.3832
50.3147 60.3147
80.5515 90.5515
67.4117 77.4117
17.4741 27.4741
61.7946 71.7946
82.2039 92.2039
11.1901 21.1901
14.1813 24.1813
72.7078 82.7078
7.40654 17.4065
48.0465 58.0465
55.4021 65.4021
22.3314 32.3314
5.40229 15.4023
4.82524 14.8252
30.0233 40.0233
3.56347 13.5635
13.7315 23.7315
40.7942 50.7942
55.0525 65.0525
57.0477 67.0477
57.5672 67.5672
56.4999 66.4999
82.1858 92.1858
23.1572 33.1572
46.8765 56.8765
3.61893 13.6189
77.0335 87.0335
40.3602 50.3602
55.497 65.497
38.4167 48.4167
0.67496 10.675
4.4929 14.4929
64.2728 74.2728
18.1491 28.1491
66.2875 76.2875
15.9211 25.9211
78.7836 88.7836
80.4689 90.4689
47.0734 57.0734
44.6346 54.6346
87.9598 97.9598
12.4755 22.4755
66.966 76.966
3.36214 13.3621
18.3007 28.3007
56.4338 66.4338
55.3701 65.3701
32.0322 42.0322
7.22798 17.228
21.4226 31.4226
47.5243 57.5243
24.2396 34.2396
36.3669 46.3669
39.7101 49.7101
5.8413 15.8413
83.2434 93.2434
2.77347 12.7735
83.8748 93.8748
82.0481 92.0481
58.2704 68.2704
80.7359 90.7359
41.1675 51.1675
62.7633 72.7633
13.4531 23.4531
60.3166 70.3166
87.4953 97.4953
29.3742 39.3742
7.5446 17.5446
37.4086 47.4086
76.4476 86.4476
52.1792 62.1792
35.3685 45.3685
89.9231 99.9231
78.5896 88.5896
87.1751 97.1751
66.6683 76.6683
45.0233 55.0233
53.5451 63.5451
57.1449 67.1449
52.2513 62.2513
74.9677 84.9677
14.6693 24.6693
34.9354 44.9354
21.3347 31.3347
13.8238 23.8238
41.7767 51.7767
63.0225 73.0225
16.5973 26.5973
35.6515 45.6515
13.5151 23.5151
33.3121 43.3121
26.3874 36.3874
54.6826 64.6826
6.07547 16.0755
88.2849 98.2849
73.4436 83.4436
52.0152 62.0152
28.6591 38.6591
80.9882 90.9882
89.4239 99.4239
63.5512 73.5512
2.61179 12.6118
34.7924 44.7924
21.9188 31.9188
81.2014 91.2014
32.9675 42.9675
88.587 98.587
36.2247 46.2247
44.957 54.957
55.732 65.732
46.9205 56.9205
78.3692 88.3692
71.4012 81.4012
82.8558 92.8558
58.1483 68.1483
43.6695 53.6695
83.077 93.077
31.1709 41.1709
60.2668 70.2668
77.1729 87.1729
3.13039 13.1304
3.57892 13.5789
62.0047 72.0047
57.813 67.813
58.0988 68.0988
60.2896 70.2896
42.2565 52.2565
20.1141 30.1141
88.9487 98.9487
33.2447 43.2447
20.538 30.538
21.9444 31.9444
84.3009 94.3009
13.7748 23.7748
43.8632 53.8632
75.5023 85.5023
5.1867 15.1867
43.4502 53.4502
70.1714 80.1714
50.1438 60.1438
57.6266 67.6266
28.0919 38.0919
38.513 48.513
87.4723 97.4723
69.3922 79.3922
6.66131 16.6613
41.1418 51.1418
62.4692 72.4692
86.2766 96.2766
59.853 69.853
49.6421 59.6421
89.407 99.407
63.432 73.432
21.6468 31.6468
58.22 68.22
79.9752 89.9752
81.9364 91.9364
10.4765 20.4765
59.5338 69.5338
40.3296 50.3296
2.16564 12.1656
80.0717 90.0717
62.274 72.274
87.4666 97.4666
52.291 62.291
64.5816 74.5816
31.4133 41.4133
58.4777 68.4777
66.4762 76.4762
12.5847 22.5847
18.6214 28.6214
35.1029 45.1029
89.1211 99.1211
58.1344 68.1344
81.0196 91.0196
68.5133 78.5133
23.2401 33.2401
33.1615 43.1615
89.4269 99.4269
20.5168 30.5168
51.459 61.459
49.069 59.069
68.3682 78.3682
74.3354 84.3354
29.1602 39.1602
36.5882 46.5882
64.3106 74.3106
69.5411 79.5411
5.50915 15.5091
33.8444 43.8444
68.3151 78.3151
57.1192 67.1192
72.3605 82.3605
89.0335 99.0335
13.0302 23.0302
35.6515 45.6515
64.6151 74.6151
44.4435 54.4435
4.12915 14.1292
41.0913 51.0913
15.4727 25.4727
71.195 81.195
34.6386 44.6386
14.5938 24.5938
87.7738 97.7738
75.1027 85.1027
83.1071 93.1071
22.014 32.014
18.2642 28.2642
82.5341 92.5341
0.975187 10.9752
28.1676 38.1676
0.0475567 10.0476
69.3434 79.3434
12.5029 22.5029
77.6522 87.6522
65.3761 75.3761
77.8135 87.8135
58.1933 68.1933
70.8852 80.8852
70.1023 80.1023
36.5084 46.5084
86.4489 96.4489
11.9073 21.9073
36.5418 46.5418
9.47911 19.4791
6.00326 16.0033
59.6013 69.6013
13.3671 23.3671
10.1324 20.1324
59.1371 69.1371
77.2842 87.2842
39.7719 49.7719
53.2201 63.2201
2.87806 12.8781
38.5457 48.5457
38.3228 48.3228
44.4296 54.4296
19.0041 29.0041
15.0314 25.0314
86.4082 96.4082
19.9793 29.9793
43.199 53.199
44.9002 54.9002
89.3227 99.3227
56.7019 66.7019
33.5524 43.5524
64.6988 74.6988
44.5155 54.5155
50.1902 60.1902
5.02843 15.0284
73.0622 83.0622
45.143 55.143
1.47731 11.4773
84.9696 94.9696
40.1292 50.1292
60.4009 70.4009
0.972827 10.9728
58.175 68.175
32.2124 42.2124
59.5497 69.5497
28.3121 38.3121
67.9411 77.9411
10.3215 20.3215
81.5323 91.5323
29.2636 39.2636
7.31168 17.3117
29.8551 39.8551
74.6932 84.6932
26.3158 36.3158
44.8865 54.8865
29.5459 39.5459
46.2951 56.2951
88.0855 98.0855
74.446 84.446
4.06225 14.0623
13.2319 23.2319
66.4429 76.4429
28.2055 38.2055
16.1918 26.1918
75.0775 85.0775
33.2339 43.2339
0.25405 10.2541
79.6649 89.6649
83.1557 93.1557
43.6681 53.6681
78.2386 88.2386
12.001 22.001
4.08533 14.0853
47.4136 57.4136
2.65781 12.6578
22.0795 32.0795
34.1702 44.1702
71.5989 81.5989
32.401 42.401
74.1469 84.1469
10.8625 20.8625
88.1571 98.1571
62.4464 72.4464
44.0002 54.0002
24.4729 34.4729
17.3329 27.3329
73.546 83.546
29.2125 39.2125
63.8629 73.8629
17.4365 27.4365
34.2747 44.2747
78.0948 88.0948
42.3239 52.3239
62.4802 72.4802
4.28663 14.2866
76.8458 86.8458
54.1586 64.1586
52.9851 62.9851
24.9551 34.9551
47.3142 57.3142
56.0976 66.0976
61.6382 71.6382
18.7596 28.7596
60.183 70.183
67.4962 77.4962
21.4174 31.4174
82.2624 92.2624
11.6664 21.6664
51.4608 61.4608
74.1079 84.1079
44.2577 54.2577
21.7677 31.7677
72.265 82.265
16.7041 26.7041
24.2123 34.2123
56.1824 66.1824
82.4815 92.4815
57.2028 67.2028
85.3949 95.3949
57.3444 67.3444
33.0837 43.0837
78.114 88.114
3.88371 13.8837
75.4076 85.4076
9.03868 19.0387
56.6148 66.6148
20.6978 30.6978
63.1972 73.1972
69.0444 79.0444
4.09739 14.0974
69.9559 79.9559
35.142 45.142
66.7356 76.7356
88.7155 98.7155
5.32495 15.325
44.2318 54.2318
68.5774 78.5774
46.0318 56.0318
15.3426 25.3426
79.4826 89.4826
30.1397 40.1397
59.6004 69.6004
11.2503 21.2503
13.4047 23.4047
77.3045 87.3045
35.4627 45.4627
28.0315 38.0315
69.786 79.786
51.1099 61.1099
23.4264 33.4264
85.5749 95.5749
84.1936 94.1936
60.9849 70.9849
47.9031 57.9031
29.0456 39.0456
70.0236 80.0236
63.9623 73.9623
49.7434 59.7434
44.2208 54.2208
43.0066 53.0066
13.2852 23.2852
24.1767 34.1767
78.1486 88.1486
80.0208 90.0208
71.3367 81.3367
41.918 51.918
82.697 92.697
8.35852 18.3585
87.9498 97.9498
8.03963 18.0396
87.8412 97.8412
29.0895 39.0895
27.0844 37.0844
57.536 67.536
0.938693 10.9387
14.3889 24.3889
52.4431 62.4431
77.4147 87.4147
42.6194 52.6194
13.5529 23.5529
59.2855 69.2855
87.6387 97.6387
8.74648 18.7465
30.2704 40.2704
45.5418 55.5418
37.7921 47.7921
11.294 21.294
19.5041 29.5041
45.9799 55.9799
13.9592 23.9592
20.9551 30.9551
59.2651 69.2651
86.5803 96.5803
57.5482 67.5482
7.73031 17.7303
67.917 77.917
9.46624 19.4662
1.42731 11.4273
34.72 44.72
56.8605 66.8605
9.46693 19.4669
82.0056 92.0056
44.3945 54.3945
36.5514 46.5514
49.5415 59.5415
3.77765 13.7777
9.38472 19.3847
60.429 70.429
81.1923 91.1923
11.4485 21.4485
33.4264 43.4264
50.4779 60.4779
9.08727 19.0873
42.1729 52.1729
81.7483 91.7483
13.0735 23.0735
38.4094 48.4094
51.4867 61.4867
82.022 92.022
42.8337 52.8337
65.4459 75.4459
12.9771 22.9771
13.0988 23.0988
62.0262 72.0262
71.5254 81.5254
69.2735 79.2735
88.3876 98.3876
39.4361 49.4361
70.7008 80.7008
33.1076 43.1076
54.741 64.741
39.6122 49.6122
25.1132 35.1132
9.13554 19.1355
34.608 44.608
34.0991 44.0991
61.3576 71.3576
3.43718 13.4372
4.52814 14.5281
52.55 62.55
14.8857 24.8857
86.399 96.399
14.0278 24.0278
23.973 33.973
87.0163 97.0163
54.2205 64.2205
37.0465 47.0465
35.4256 45.4256
64.1516 74.1516
29.0685 39.0685
79.2593 89.2593
39.5975 49.5975
1.49008 11.4901
50.8025 60.8025
60.0682 70.0682
31.4599 41.4599
30.076 40.076
16.9002 26.9002
29.3404 39.3404
60.2213 70.2213
8.45226 18.4523
85.0814 95.0814
9.83353 19.8335
83.0099 93.0099
52.6614 62.6614
2.88599 12.886
27.109 37.109
25.019 35.019
6.32317 16.3232
80.0816 90.0816
36.0134 46.0134
21.2089 31.2089
77.4805 87.4805
50.0413 60.0413
3.62634 13.6263
74.4968 84.4968
62.7062 72.7062
41.6728 51.6728
69.3669 79.3669
36.8579 46.8579
29.1858 39.1858
17.0706 27.0706
34.8998 44.8998
30.6758 40.6758
26.3176 36.3176
4.96799 14.968
62.1357 72.1357
56.3936 66.3936
70.3127 80.3127
2.4761 12.4761
75.0594 85.0594
79.7649 89.7649
46.002 56.002
43.3373 53.3373
72.7748 82.7748
8.66336 18.6634
47.2233 57.2233
9.88378 19.8838
82.1268 92.1268
53.5465 63.5465
48.4098 58.4098
29.1403 39.1403
34.1998 44.1998
84.3348 94.3348
37.626 47.626
37.8262 47.8262
69.8316 79.8316
11.3322 21.3322
37.9434 47.9434
7.64287 17.6429
6.63457 16.6346
68.1292 78.1292
24.7135 34.7135
42.5344 52.5344
57.2495 67.2495
51.031 61.031
5.94683 15.9468
30.3852 40.3852
65.8691 75.8691
77.2595 87.2595
81.3057 91.3057
51.9284 61.9284
67.0244 77.0244
37.3077 47.3077
5.26574 15.2657
49.7992 59.7992
4.41551 14.4155
10.9335 20.9335
18.1274 28.1274
87.5423 97.5423
65.48 75.48
66.5372 76.5372
75.1271 85.1271
58.1243 68.1243
20.3165 30.3165
22.7531 32.7531
5.95045 15.9505
0.148023 10.148
34.0853 44.0853
3.33834 13.3383
56.2353 66.2353
0.164334 10.1643
71.4675 81.4675
80.9488 90.9488
42.6987 52.6987
38.717 48.717
0.42426 10.4243
48.6456 58.6456
27.5467 37.5467
66.2933 76.2933
84.3495 94.3495
18.8524 28.8524
76.6662 86.6662
61.3739 71.3739
14.6046 24.6046
41.3764 51.3764
69.6176 79.6176
20.0201 30.0201
52.3099 62.3099
46.1895 56.1895
66.0069 76.0069
76.2343 86.2343
72.1711 82.1711
51.1339 61.1339
44.3586 54.3586
2.4876 12.4876
73.887 83.887
9.75347 19.7535
51.0801 61.0801
67.4168 77.4168
13.0918 23.0918
17.3154 27.3154
67.5811 77.5811
43.0038 53.0038
8.2642 18.2642
68.7243 78.7243
40.1653 50.1653
8.68846 18.6885
27.3699 37.3699
68.7119 78.7119
33.4262 43.4262
71.1638 81.1638
46.0088 56.0088
21.0924 31.0924
42.5377 52.5377
20.0578 30.0578
20.9132 30.9132
71.5998 81.5998
40.0778 50.0778
73.223 83.223
27.7892 37.7892
64.5291 74.5291
18.9018 28.9018
9.96039 19.9604
74.1075 84.1075
21.7048 31.7048
12.448 22.448
57.9945 67.9945
79.9027 89.9027
63.5281 73.5281
83.8558 93.8558
51.439 61.439
80.8435 90.8435
19.8813 29.8813
4.44279 14.4428
47.5521 57.5521
88.6056 98.6056
4.0525 14.0525
56.2406 66.2406
75.4199 85.4199
72.7644 82.7644
49.1112 59.1112
56.5837 66.5837
77.2176 87.2176
28.6481 38.6481
57.5659 67.5659
7.27542 17.2754
49.5613 59.5613
39.1657 49.1657
5.7977 15.7977
81.2288 91.2288
67.9549 77.9549
70.3268 80.3268
10.1306 20.1306
77.9153 87.9153
54.4344 64.4344
81.2798 91.2798
49.8078 59.8078
71.8733 81.8733
71.1825 81.1825
23.3358 33.3358
24.1735 34.1735
33.6215 43.6215
63.6237 73.6237
45.0548 55.0548
86.5088 96.5088
21.1759 31.1759
43.6604 53.6604
0.561275 10.5613
36.8609 46.8609
77.5248 87.5248
31.7701 41.7701
85.9721 95.9721
44.1085 54.1085
19.9878 29.9878
24.6202 34.6202
12.6744 22.6744
27.2632 37.2632
32.6259 42.6259
10.2845 20.2845
82.5054 92.5054
23.8547 33.8547
78.2394 88.2394
62.8322 72.8322
83.4297 93.4297
25.5992 35.5992
76.711 86.711
74.7095 84.7095
75.407 85.407
17.0288 27.0288
14.3365 24.3365
57.1872 67.1872
41.2023 51.2023
6.40248 16.4025
30.811 40.811
86.2571 96.2571
3.91126 13.9113
52.9868 62.9868
89.362 99.362
4.47253 14.4725
48.2921 58.2921
76.8868 86.8868
85.6871 95.6871
44.2643 54.2643
31.9953 41.9953
15.6749 25.6749
27.3289 37.3289
3.11414 13.1141
1.38257 11.3826
59.9549 69.9549
13.3987 23.3987
83.8879 93.8879
42.254 52.254
51.0826 61.0826
16.1646 26.1646
35.6837 45.6837
76.6818 86.6818
51.32 61.32
68.8376 78.8376
20.5332 30.5332
68.3488 78.3488
84.1741 94.1741
77.7204 87.7204
19.5511 29.5511
0.57662 10.5766
67.9758 77.9758
16.8083 26.8083
52.9323 62.9323
79.4071 89.4071
16.1703 26.1703
16.8493 26.8493
37.6993 47.6993
3.05707 13.0571
12.5364 22.5364
81.9635 91.9635
83.4968 93.4968
76.6558 86.6558
67.7369 77.7369
45.0554 55.0554
78.0384 88.0384
37.6918 47.6918
59.4541 69.4541
31.3707 41.3707
79.9457 89.9457
68.9811 78.9811
5.97977 15.9798
75.0739 85.0739
14.1073 24.1073
57.2998 67.2998
53.9115 63.9115
34.6405 44.6405
35.6486 45.6486
6.53008 16.5301
70.8054 80.8054
55.1997 65.1997
8.1067 18.1067
48.7812 58.7812
30.4524 40.4524
19.4835 29.4835
38.1883 48.1883
46.6227 56.6227
36.3328 46.3328
75.8875 85.8875
9.12424 19.1242
48.8692 58.8692
26.2955 36.2955
51.0655 61.0655
35.525 45.525
4.03241 14.0324
7.12089 17.1209
73.0078 83.0078
0.168606 10.1686
25.0194 35.0194
62.823 72.823
39.5588 49.5588
4.00049 14.0005
68.8027 78.8027
24.6327 34.6327
18.1078 28.1078
84.547 94.547
36.9886 46.9886
11.1927 21.1927
30.1956 40.1956
44.5187 54.5187
81.9981 91.9981
43.8398 53.8398
11.0698 21.0698
0.223692 10.2237
75.2922 85.2922
30.5533 40.5533
38.412 48.412
80.3594 90.3594
67.8861 77.8861
73.744 83.744
89.4836 99.4836
75.1997 85.1997
58.4839 68.4839
51.5491 61.5491
70.1691 80.1691
63.5163 73.5163
17.1145 27.1145
11.6213 21.6213
22.1294 32.1294
0.578324 10.5783
74.4443 84.4443
20.1326 30.1326
53.0233 63.0233
11.6915 21.6915
44.7653 54.7653
71.131 81.131
6.23844 16.2384
41.1983 51.1983
40.7682 50.7682
84.8785 94.8785
85.717 95.717
32.7662 42.7662
38.7183 48.7183
6.78684 16.7868
32.9899 42.9899
72.455 82.455
85.7846 95.7846
30.8464 40.8464
63.8144 73.8144
22.1151 32.1151
63.0348 73.0348
63.298 73.298
8.3148 18.3148
31.5187 41.5187
73.2916 83.2916
36.9284 46.9284
53.4795 63.4795
48.8505 58.8505
48.5497 58.5497
76.6089 86.6089
49.4288 59.4288
81.4384 91.4384
6.74154 16.7415
12.4521 22.4521
51.5743 61.5743
10.9513 20.9513
42.0276 52.0276
16.2572 26.2572
52.1496 62.1496
82.7958 92.7958
11.1357 21.1357
6.31106 16.3111
75.0065 85.0065
8.29844 18.2984
13.0979 23.0979
66.4408 76.4408
81.7534 91.7534
57.3269 67.3269
7.2872 17.2872
14.0122 24.0122
80.442 90.442
70.322 80.322
77.3103 87.3103
88.7568 98.7568
61.2852 71.2852
20.0463 30.0463
84.1296 94.1296
24.7647 34.7647
27.3413 37.3413
42.6793 52.6793
11.3736 21.3736
36.2145 46.2145
82.5622 92.5622
67.5596 77.5596
48.6666 58.6666
44.1365 54.1365
36.9553 46.9553
50.1387 60.1387
18.8382 28.8382
89.1049 99.1049
1.37886 11.3789
78.4183 88.4183
5.41594 15.4159
76.3853 86.3853
86.7168 96.7168
66.9583 76.9583
12.2706 22.2706
36.9146 46.9146
34.2852 44.2852
68.0022 78.0022
50.9268 60.9268
73.1717 83.1717
49.3242 59.3242
87.6815 97.6815
71.9285 81.9285
69.0538 79.0538
66.1723 76.1723
66.0581 76.0581
3.81853 13.8185
3.51355 13.5136
67.1819 77.1819
64.6366 74.6366
39.7281 49.7281
18.1885 28.1885
42.1961 52.1961
47.8392 57.8392
62.3251 72.3251
37.5958 47.5958
7.97784 17.9778
39.6077 49.6077
85.1452 95.1452
9.35671 19.3567
28.026 38.026
49.0056 59.0056
45.1865 55.1865
74.1872 84.1872
25.9638 35.9638
57.4571 67.4571
21.1018 31.1018
18.6935 28.6935
35.4593 45.4593
31.4731 41.4731
2.86521 12.8652
43.228 53.228
29.1547 39.1547
33.2382 43.2382
22.2818 32.2818
5.32695 15.327
58.7408 68.7408
27.1004 37.1004
57.2849 67.2849
84.3671 94.3671
50.1814 60.1814
56.4575 66.4575
13.5557 23.5557
2.37749 12.3775
14.2967 24.2967
34.3252 44.3252
88.4178 98.4178
70.719 80.719
74.9328 84.9328
83.563 93.563
38.5201 48.5201
12.9588 22.9588
42.5685 52.5685
42.151 52.151
87.146 97.146
68.5324 78.5324
58.0525 68.0525
67.6923 77.6923
45.6703 55.6703
4.51184 14.5118
9.16543 19.1654
6.97997 16.98
6.18428 16.1843
38.3201 48.3201
89.6626 99.6626
29.4661 39.4661
2.09149 12.0915
58.4034 68.4034
15.0109 25.0109
17.8209 27.8209
52.7705 62.7705
65.1923 75.1923
74.2784 84.2784
66.3261 76.3261
26.0142 36.0142
47.0195 57.0195
60.0957 70.0957
24.432 34.432
76.1829 86.1829
45.0286 55.0286
66.4394 76.4394
74.1475 84.1475
57.9874 67.9874
19.0079 29.0079
26.2985 36.2985
14.5779 24.5779
45.9847 55.9847
85.351 95.351
82.2702 92.2702
50.0995 60.0995
48.3073 58.3073
1.43564 11.4356
58.0795 68.0795
54.4916 64.4916
88.2002 98.2002
57.7421 67.7421
42.4021 52.4021
48.7361 58.7361
74.5899 84.5899
15.8575 25.8575
25.0014 35.0014
85.8048 95.8048
39.4943 49.4943
58.7243 68.7243
21.5753 31.5753
23.9529 33.9529
64.1882 74.1882
81.6711 91.6711
6.82941 16.8294
51.3711 61.3711
36.6996 46.6996
73.2688 83.2688
35.5185 45.5185
53.1315 63.1315
2.27676 12.2768
20.2615 30.2615
67.7094 77.7094
48.2615 58.2615
64.0569 74.0569
18.424 28.424
9.36101 19.361
22.3642 32.3642
68.3041 78.3041
25.8849 35.8849
36.3002 46.3002
24.9487 34.9487
42.0714 52.0714
37.1468 47.1468
32.1293 42.1293
26.6613 36.6613
54.0043 64.0043
58.1307 68.1307
22.4661 32.4661
3.49858 13.4986
26.855 36.855
2.48584 12.4858
76.896 86.896
1.04317 11.0432
84.1569 94.1569
83.7254 93.7254
10.8587 20.8587
30.8565 40.8565
67.9942 77.9942
4.8217 14.8217
43.4324 53.4324
28.7154 38.7154
26.0832 36.0832
21.1418 31.1418
36.4213 46.4213
48.5845 58.5845
89.0103 99.0103
4.2268 14.2268
71.9487 81.9487
67.3143 77.3143
30.1117 40.1117
66.6934 76.6934
3.26304 13.263
30.6276 40.6276
13.8402 23.8402
35.3923 45.3923
57.2889 67.2889
67.8445 77.8445
51.9675 61.9675
38.1994 48.1994
30.7875 40.7875
78.8224 88.8224
0.129654 10.1297
66.1279 76.1279
39.31 49.31
84.2866 94.2866
59.8533 69.8533
50.1687 60.1687
74.5875 84.5875
86.292 96.292
55.9904 65.9904
28.02 38.02
26.0074 36.0074
40.518 50.518
7.60624 17.6062
20.8732 30.8732
89.1026 99.1026
6.61649 16.6165
25.1 35.1
29.4957 39.4957
33.3753 43.3753
13.6561 23.6561
6.18914 16.1891
85.0828 95.0828
44.2837 54.2837
69.4738 79.4738
30.4751 40.4751
60.017 70.017
47.3183 57.3183
41.887 51.887
56.6608 66.6608
36.5503 46.5503
79.1538 89.1538
56.7905 66.7905
12.6782 22.6782
28.4639 38.4639
52.0771 62.0771
31.976 41.976
38.077 48.077
85.109 95.109
28.2679 38.2679
4.06748 14.0675
23.129 33.129
12.7198 22.7198
3.02997 13.03
30.7353 40.7353
33.5929 43.5929
50.577 60.577
38.3518 48.3518
17.1373 27.1373
39.5172 49.5172
30.1715 40.1715
30.7934 40.7934
4.15075 14.1507
25.2542 35.2542
33.5216 43.5216
73.6245 83.6245
14.1738 24.1738
3.53861 13.5386
80.3873 90.3873
56.0607 66.0607
19.6439 29.6439
26.9375 36.9375
46.2145 56.2145
76.4344 86.4344
89.0602 99.0602
74.6784 84.6784
86.9559 96.9559
31.0362 41.0362
22.7555 32.7555
82.0649 92.0649
17.7486 27.7486
75.2674 85.2674
63.6384 73.6384
31.4683 41.4683
36.7418 46.7418
5.37368 15.3737
23.5057 33.5057
88.3188 98.3188
2.16988 12.1699
0.0874376 10.0874
37.8359 47.8359
32.3413 42.3413
30.8809 40.8809
41.9867 51.9867
57.5956 67.5956
23.8469 33.8469
75.0557 85.0557
71.7693 81.7693
75.8299 85.8299
65.4429 75.4429
87.2745 97.2745
5.47383 15.4738
2.38046 12.3805
43.489 53.489
41.3527 51.3527
49.8851 59.8851
76.6119 86.6119
86.753 96.753
39.3657 49.3657
10.3674 20.3674
38.2624 48.2624
58.1143 68.1143
44.0792 54.0792
11.9008 21.9008
48.0271 58.0271
81.821 91.821
65.719 75.719
29.9773 39.9773
38.5842 48.5842
67.8888 77.8888
30.0647 40.0647
34.8646 44.8646
58.6746 68.6746
20.39 30.39
35.2957 45.2957
74.7147 84.7147
44.2369 54.2369
20.3513 30.3513
57.484 67.484
30.0668 40.0668
85.7943 95.7943
13.2029 23.2029
84.9851 94.9851
47.6192 57.6192
56.692 66.692
84.7822 94.7822
7.50427 17.5043
43.3039 53.3039
81.5352 91.5352
6.31447 16.3145
12.1157 22.1157
78.2421 88.2421
64.4288 74.4288
15.6393 25.6393
1.1429 11.1429
70.9004 80.9004
7.46029 17.4603
66.8619 76.8619
59.3221 69.3221
4.48891 14.4889
4.19513 14.1951
0.386758 10.3868
39.3535 49.3535
21.3142 31.3142
69.2212 79.2212
74.6492 84.6492
7.02886 17.0289
23.4581 33.4581
6.00052 16.0005
22.9573 32.9573
11.9693 21.9693
50.2392 60.2392
36.1602 46.1602
55.3988 65.3988
7.8584 17.8584
2.85222 12.8522
50.181 60.181
16.3627 26.3627
4.60055 14.6006
1.16067 11.1607
71.1216 81.1216
66.1607 76.1607
79.4027 89.4027
45.5504 55.5504
81.8 91.8
80.5456 90.5456
74.8952 84.8952
47.7047 57.7047
16.8519 26.8519
2.66171 12.6617
52.1937 62.1937
69.4915 79.4915
51.4929 61.4929
49.9916 59.9916
0.805718 10.8057
30.7141 40.7141
83.0852 93.0852
7.83458 17.8346
12.6166 22.6166
89.0857 99.0857
79.2363 89.2363
74.0304 84.0304
50.3249 60.3249
25.3965 35.3965
39.4292 49.4292
16.6278 26.6278
76.6932 86.6932
49.0547 59.0547
81.4349 91.4349
82.2938 92.2938
50.2153 60.2153
62.5565 72.5565
58.4545 68.4545
88.0625 98.0625
66.5513 76.5513
50.2545 60.2545
38.0526 48.0526
51.4465 61.4465
56.4036 66.4036
54.9045 64.9045
13.5527 23.5527
18.5973 28.5973
82.8405 92.8405
65.0456 75.0456
27.0333 37.0333
83.6462 93.6462
6.75968 16.7597
20.1185 30.1185
50.9252 60.9252
67.8207 77.8207
20.2042 30.2042
40.1616 50.1616
51.8511 61.8511
28.9736 38.9736
25.0025 35.0025
50.7248 60.7248
4.04584 14.0458
11.6958 21.6958
9.77944 19.7794
86.4807 96.4807
3.98952 13.9895
18.4392 28.4392
59.0372 69.0372
20.8884 30.8884
16.5017 26.5017
36.5885 46.5885
29.5873 39.5873
54.5543 64.5543
46.4795 56.4795
85.991 95.991
19.4589 29.4589
60.0321 70.0321
63.0327 73.0327
60.7438 70.7438
36.0777 46.0777
0.0660407 10.066
55.39 65.39
1.28184 11.2818
21.1846 31.1846
64.7597 74.7597
69.1026 79.1026
89.8332 99.8332
63.3657 73.3657
80.3981 90.3981
77.2513 87.2513
88.3683 98.3683
41.1229 51.1229
81.2971 91.2971
11.064 21.064
9.3468 19.3468
77.7779 87.7779
63.498 73.498
27.786 37.786
47.8151 57.8151
85.3864 95.3864
44.2878 54.2878
84.4036 94.4036
73.4182 83.4182
9.84211 19.8421
89.3275 99.3275
70.4091 80.4091
77.7454 87.7454
60.3597 70.3597
43.4419 53.4419
49.4893 59.4893
54.8818 64.8818
2.95235 12.9524
63.3238 73.3238
14.6081 24.6081
24.1369 34.1369
86.5279 96.5279
42.1552 52.1552
23.9701 33.9701
59.8937 69.8937
32.5533 42.5533
11.2214 21.2214
59.262 69.262
32.1207 42.1207
2.51854 12.5185
70.326 80.326
41.4675 51.4675
39.7408 49.7408
43.824 53.824
69.2535 79.2535
87.5559 97.5559
87.6548 97.6548
24.5413 34.5413
40.404 50.404
72.073 82.073
82.8278 92.8278
88.1759 98.1759
10.9266 20.9266
29.0177 39.0177
58.5356 68.5356
12.8129 22.8129
78.5069 88.5069
71.8619 81.8619
15.7653 25.7653
10.2752 20.2752
44.9145 54.9145
88.3466 98.3466
6.80309 16.8031
88.0696 98.0696
22.3168 32.3168
67.6968 77.6968
79.0674 89.0674
81.9826 91.9826
85.4032 95.4032
22.1881 32.1881
43.9456 53.9456
65.7291 75.7291
22.1 32.1
42.1309 52.1309
67.9976 77.9976
2.35347 12.3535
39.6868 49.6868
25.0969 35.0969
75.3392 85.3392
38.5352 48.5352
7.16988 17.1699
26.6114 36.6114
36.7111 46.7111
18.0965 28.0965
55.6291 65.6291
54.6912 64.6912
79.3539 89.3539
45.136 55.136
84.9976 94.9976
6.11914 16.1191
13.8556 23.8556
40.9121 50.9121
4.46576 14.4658
21.6587 31.6587
87.4261 97.4261
76.227 86.227
47.7999 57.7999
76.4935 86.4935
26.654 36.654
43.2031 53.2031
57.126 67.126
29.0441 39.0441
67.3767 77.3767
80.226 90.226
71.1749 81.1749
45.3743 55.3743
82.5795 92.5795
69.3062 79.3062
70.4711 80.4711
26.3631 36.3631
17.8414 27.8414
36.0854 46.0854
52.9745 62.9745
55.5525 65.5525
12.6264 22.6264
18.6036 28.6036
68.6882 78.6882
2.98025 12.9802
22.1841 32.1841
63.6858 73.6858
57.5438 67.5438
37.0397 47.0397
63.0423 73.0423
62.0096 72.0096
17.1429 27.1429
60.4684 70.4684
6.68099 16.681
23.3873 33.3873
47.9619 57.9619
34.335 44.335
66.5904 76.5904
15.088 25.088
21.8235 31.8235
2.41152 12.4115
5.31401 15.314
3.99847 13.9985
6.23022 16.2302
46.3379 56.3379
73.3047 83.3047
36.1458 46.1458
31.1455 41.1455
50.5905 60.5905
72.2312 82.2312
84.12 94.12
64.5875 74.5875
44.3021 54.3021
62.168 72.168
43.2756 53.2756
47.2823 57.2823
84.3521 94.3521
65.4058 75.4058
14.8261 24.8261
79.8363 89.8363
39.4481 49.4481
35.2802 45.2802
55.4237 65.4237
58.361 68.361
1.4056 11.4056
78.811 88.811
16.3229 26.3229
84.1851 94.1851
13.8458 23.8458
80.8553 90.8553
16.0086 26.0086
16.2574 26.2574
44.6138 54.6138
20.0071 30.0071
23.4876 33.4876
50.3962 60.3962
52.7562 62.7562
59.6334 69.6334
81.5416 91.5416
13.3466 23.3466
0.309028 10.309
35.1061 45.1061
77.9341 87.9341
44.6111 54.6111
7.2741 17.2741
79.6542 89.6542
1.89338 11.8934
50.0707 60.0707
55.06 65.06
65.164 75.164
89.3515 99.3515
52.9526 62.9526
59.8886 69.8886
54.7751 64.7751
22.3135 32.3135
61.2942 71.2942
3.03058 13.0306
87.0809 97.0809
55.4792 65.4792
16.8764 26.8764
36.3807 46.3807
71.4878 81.4878
34.1338 44.1338
40.4389 50.4389
50.9393 60.9393
16.0658 26.0658
0.835068 10.8351
62.1399 72.1399
75.6991 85.6991
82.3767 92.3767
75.4865 85.4865
76.0082 86.0082
27.4828 37.4828
21.8651 31.8651
31.6193 41.6193
83.2013 93.2013
11.5193 21.5193
81.9571 91.9571
44.272 54.272
25.0237 35.0237
16.5655 26.5655
43.6235 53.6235
37.4208 47.4208
76.454 86.454
56.843 66.843
18.1787 28.1787
47.7482 57.7482
59.8736 69.8736
15.2596 25.2596
61.6718 71.6718
77.75 87.75
11.0847 21.0847
43.1596 53.1596
70.3282 80.3282
51.5236 61.5236
52.5434 62.5434
86.394 96.394
52.3587 62.3587
24.6833 34.6833
72.0932 82.0932
3.17985 13.1798
58.6142 68.6142
16.5458 26.5458
80.1071 90.1071
80.4793 90.4793
48.165 58.165
73.3084 83.3084
50.443 60.443
89.5666 99.5666
76.0249 86.0249
34.9112 44.9112
16.132 26.132
78.0928 88.0928
72.3319 82.3319
51.0305 61.0305
45.9358 55.9358
0.510683 10.5107
8.7787 18.7787
15.8095 25.8095
64.2147 74.2147
70.4505 80.4505
52.0039 62.0039
75.2995 85.2995
72.0546 82.0546
32.3322 42.3322
36.8231 46.8231
84.0424 94.0424
28.7262 38.7262
47.6262 57.6262
18.7257 28.7257
59.2638 69.2638
10.2505 20.2505
78.3399 88.3399
76.8096 86.8096
0.357605 10.3576
27.2636 37.2636
83.4191 93.4191
32.1105 42.1105
37.1511 47.1511
82.9856 92.9856
67.5798 77.5798
72.0623 82.0623
57.5621 67.5621
55.6725 65.6725
12.8387 22.8387
18.5926 28.5926
60.0528 70.0528
61.7938 71.7938
27.3713 37.3713
76.8623 86.8623
84.453 94.453
56.2663 66.2663
87.3106 97.3106
29.1969 39.1969
87.7654 97.7654
30.6428 40.6428
66.02 76.02
40.2522 50.2522
59.369 69.369
73.0907 83.0907
58.9779 68.9779
78.0773 88.0773
83.3412 93.3412
5.76223 15.7622
64.8869 74.8869
42.1433 52.1433
82.4703 92.4703
58.306 68.306
74.2537 84.2537
29.6214 39.6214
52.2916 62.2916
51.8335 61.8335
60.1282 70.1282
68.2982 78.2982
66.9505 76.9505
31.4113 41.4113
87.8908 97.8908
37.0033 47.0033
51.6495 61.6495
73.7066 83.7066
72.31 82.31
46.1025 56.1025
89.4173 99.4173
70.6207 80.6207
75.2994 85.2994
87.1827 97.1827
11.2635 21.2635
10.7639 20.7639
37.4349 47.4349
29.077 39.077
83.8546 93.8546
54.8572 64.8572
17.1543 27.1543
35.6402 45.6402
20.0639 30.0639
82.0412 92.0412
77.7835 87.7835
12.5342 22.5342
9.79163 19.7916
62.0372 72.0372
0.600076 10.6001
20.5277 30.5277
73.3152 83.3152
19.1727 29.1727
88.8259 98.8259
50.2656 60.2656
50.584 60.584
86.7167 96.7167
45.7134 55.7134
12.2335 22.2335
71.4233 81.4233
29.0234 39.0234
16.7805 26.7805
70.8406 80.8406
9.64404 19.644
51.5243 61.5243
26.4677 36.4677
69.352 79.352
62.2882 72.2882
22.3471 32.3471
8.42893 18.4289
14.5873 24.5873
35.6487 45.6487
75.0276 85.0276
50.2275 60.2275
14.157 24.157
25.5133 35.5133
38.011 48.011
75.1357 85.1357
35.3049 45.3049
58.4927 68.4927
75.7358 85.7358
55.8326 65.8326
0.252274 10.2523
53.3529 63.3529
55.6585 65.6585
8.96236 18.9624
13.9368 23.9368
10.8197 20.8197
55.6757 65.6757
74.6148 84.6148
82.243 92.243
84.6991 94.6991
50.8397 60.8397
21.528 31.528
52.7876 62.7876
12.364 22.364
6.44019 16.4402
32.1396 42.1396
33.0967 43.0967
77.2317 87.2317
89.0129 99.0129
47.684 57.684
23.8804 33.8804
74.0406 84.0406
56.3559 66.3559
38.0374 48.0374
10.5539 20.5539
4.3669 14.3669
24.1731 34.1731
45.8588 55.8588
21.304 31.304
58.3533 68.3533
61.1358 71.1358
71.0007 81.0007
22.7062 32.7062
75.2388 85.2388
79.9631 89.9631
85.0875 95.0875
86.0585 96.0585
45.6388 55.6388
29.1467 39.1467
37.7459 47.7459
88.7824 98.7824
79.9864 89.9864
59.2739 69.2739
51.57 61.57
2.35042 12.3504
25.1586 35.1586
42.154 52.154
35.4471 45.4471
12.3902 22.3902
42.1669 52.1669
41.5755 51.5755
36.2706 46.2706
26.2075 36.2075
7.93141 17.9314
33.7525 43.7525
36.7614 46.7614
60.7428 70.7428
16.3701 26.3701
42.0646 52.0646
82.0468 92.0468
74.7234 84.7234
13.2004 23.2004
63.0475 73.0475
7.42961 17.4296
88.4392 98.4392
12.455 22.455
51.9616 61.9616
42.9421 52.9421
58.0938 68.0938
81.1083 91.1083
80.6881 90.6881
16.3207 26.3207
71.0947 81.0947
9.40642 19.4064
26.3351 36.3351
31.8896 41.8896
34.565 44.565
69.4891 79.4891
67.3367 77.3367
5.39967 15.3997
21.656 31.656
67.3566 77.3566
1.11474 11.1147
47.8635 57.8635
75.288 85.288
34.8673 44.8673
44.0693 54.0693
46.0308 56.0308
51.2373 61.2373
86.1339 96.1339
86.522 96.522
84.4052 94.4052
57.7788 67.7788
19.0139 29.0139
51.2792 61.2792
14.6624 24.6624
31.469 41.469
13.2408 23.2408
16.049 26.049
48.0073 58.0073
4.34907 14.3491
7.73708 17.7371
64.3279 74.3279
33.8882 43.8882
17.1435 27.1435
1.66305 11.6631
65.7778 75.7778
10.1529 20.1529
71.1522 81.1522
1.55887 11.5589
15.5526 25.5526
51.2527 61.2527
68.9155 78.9155
16.6673 26.6673
9.11619 19.1162
54.2035 64.2035
9.97904 19.979
53.1855 63.1855
58.6788 68.6788
61.2164 71.2164
7.76391 17.7639
55.2008 65.2008
15.066 25.066
23.9871 33.9871
32.6592 42.6592
66.3452 76.3452
87.094 97.094
64.1281 74.1281
79.586 89.586
14.143 24.143
23.1354 33.1354
42.3795 52.3795
21.8801 31.8801
45.9077 55.9077
76.2677 86.2677
87.4681 97.4681
6.01525 16.0152
52.0454 62.0454
56.0654 66.0654
35.6119 45.6119
12.0488 22.0488
30.0625 40.0625
86.8645 96.8645
80.9643 90.9643
47.7298 57.7298
6.9807 16.9807
3.61225 13.6123
16.1533 26.1533
18.6107 28.6107
20.7355 30.7355
78.3697 88.3697
75.819 85.819
34.3807 44.3807
3.43562 13.4356
58.2506 68.2506
68.0399 78.0399
28.2252 38.2252
56.3446 66.3446
42.168 52.168
17.8112 27.8112
70.4877 80.4877
23.7478 33.7478
60.1907 70.1907
50.8122 60.8122
29.1 39.1
46.4584 56.4584
6.72475 16.7247
35.1152 45.1152
56.9483 66.9483
62.7902 72.7902
71.7271 81.7271
27.4415 37.4415
2.85268 12.8527
27.036 37.036
18.4057 28.4057
9.02695 19.0269
34.0167 44.0167
70.4624 80.4624
26.1803 36.1803
12.0719 22.0719
1.1979 11.1979
62.9944 72.9944
46.3353 56.3353
84.023 94.023
24.8744 34.8744
14.586 24.586
62.0629 72.0629
53.0997 63.0997
70.9306 80.9306
63.6753 73.6753
70.9109 80.9109
9.86269 19.8627
87.4231 97.4231
89.546 99.546
60.6749 70.6749
74.9676 84.9676
4.44883 14.4488
67.3997 77.3997
21.0828 31.0828
19.8415 29.8415
88.6343 98.6343
51.2543 61.2543
47.283 57.283
2.48699 12.487
78.2904 88.2904
24.1332 34.1332
59.9584 69.9584
71.7515 81.7515
53.04 63.04
86.1386 96.1386
42.2678 52.2678
54.2379 64.2379
59.133 69.133
88.6032 98.6032
48.261 58.261
42.4519 52.4519
13.1891 23.1891
69.7683 79.7683
5.55152 15.5515
85.1197 95.1197
43.4436 53.4436
34.9068 44.9068
53.4269 63.4269
89.3112 99.3112
34.4529 44.4529
25.1018 35.1018
75.2788 85.2788
87.3461 97.3461
50.9459 60.9459
54.806 64.806
17.1877 27.1877
9.02467 19.0247
64.5048 74.5048
64.4707 74.4707
59.9561 69.9561
52.7951 62.7951
47.0483 57.0483
29.9145 39.9145
82.9911 92.9911
10.0883 20.0883
75.4976 85.4976
35.2589 45.2589
64.3262 74.3262
3.075 13.075
33.8621 43.8621
72.0316 82.0316
46.5269 56.5269
48.0513 58.0513
10.2444 20.2444
52.0784 62.0784
1.61543 11.6154
53.6881 63.6881
87.9852 97.9852
55.0423 65.0423
52.9993 62.9993
80.8825 90.8825
38.5886 48.5886
86.7225 96.7225
79.2287 89.2287
48.9789 58.9789
51.5285 61.5285
6.41633 16.4163
58.0036 68.0036
74.4777 84.4777
30.3314 40.3314
76.4041 86.4041
38.2728 48.2728
77.3797 87.3797
16.3186 26.3186
79.7083 89.7083
88.468 98.468
1.81618 11.8162
25.9672 35.9672
21.2387 31.2387
5.89118 15.8912
18.2738 28.2738
51.7148 61.7148
52.418 62.418
66.325 76.325
61.9592 71.9592
62.9408 72.9408
26.3849 36.3849
74.0917 84.0917
19.3705 29.3705
40.8716 50.8716
38.091 48.091
11.253 21.253
37.9046 47.9046
83.2579 93.2579
48.9261 58.9261
86.8836 96.8836
4.23085 14.2308
13.7869 23.7869
13.3316 23.3316
78.7085 88.7085
2.5628 12.5628
89.7357 99.7357
75.4257 85.4257
80.9425 90.9425
65.4988 75.4988
66.1341 76.1341
37.855 47.855
25.7594 35.7594
50.5457 60.5457
17.5381 27.5381
80.095 90.095
68.8195 78.8195
70.2529 80.2529
42.5131 52.5131
4.58894 14.5889
0.656572 10.6566
64.8984 74.8984
30.9738 40.9738
75.7483 85.7483
84.2689 94.2689
30.2899 40.2899
72.2837 82.2837
53.9664 63.9664
69.1946 79.1946
65.5416 75.5416
61.3369 71.3369
24.5226 34.5226
69.7725 79.7725
76.1238 86.1238
87.2986 97.2986
17.9255 27.9255
37.1311 47.1311
87.0343 97.0343
3.35121 13.3512
28.0736 38.0736
20.9776 30.9776
27.9297 37.9297
24.373 34.373
47.737 57.737
78.4754 88.4754
42.9111 52.9111
37.832 47.832
58.2949 68.2949
71.6085 81.6085
39.7895 49.7895
62.8838 72.8838
72.2651 82.2651
63.1323 73.1323
52.3021 62.3021
58.0134 68.0134
57.4012 67.4012
42.0365 52.0365
40.2971 50.2971
70.812 80.812
21.2311 31.2311
65.2832 75.2832
0.593385 10.5934
4.19808 14.1981
45.0557 55.0557
35.1617 45.1617
1.49669 11.4967
21.4256 31.4256
73.2928 83.2928
89.531 99.531
25.7768 35.7768
11.3664 21.3664
68.953 78.953
12.1509 22.1509
85.1838 95.1838
26.69 36.69
1.62634 11.6263
38.095 48.095
23.9665 33.9665
18.3657 28.3657
68.1479 78.1479
63.756 73.756
81.2495 91.2495
50.413 60.413
36.8883 46.8883
1.99608 11.9961
19.4264 29.4264
52.734 62.734
44.0326 54.0326
18.1679 28.1679
81.9904 91.9904
23.7081 33.7081
83.4511 93.4511
83.5838 93.5838
28.9062 38.9062
87.9512 97.9512
28.7455 38.7455
30.4029 40.4029
19.3768 29.3768
12.0383 22.0383
78.3783 88.3783
3.59797 13.598
72.8491 82.8491
58.3313 68.3313
16.7489 26.7489
26.4773 36.4773
43.4658 53.4658
18.3752 28.3752
23.0168 33.0168
67.4322 77.4322
85.1853 95.1854
1.16467 11.1647
89.6327 99.6327
76.4349 86.4349
51.5777 61.5777
84.9654 94.9654
36.8754 46.8754
29.4485 39.4485
7.14388 17.1439
40.3524 50.3524
7.06083 17.0608
89.1343 99.1343
64.0605 74.0605
0.511908 10.5119
41.1626 51.1626
2.96665 12.9666
46.9075 56.9075
29.3525 39.3525
34.3695 44.3695
67.2843 77.2843
41.3908 51.3908
71.1923 81.1923
29.3267 39.3267
72.6843 82.6843
39.5236 49.5236
46.0756 56.0756
9.16165 19.1616
42.4338 52.4338
22.8953 32.8953
32.1784 42.1784
68.3105 78.3105
18.0806 28.0806
33.3431 43.3431
68.9431 78.9431
52.9599 62.9599
44.3652 54.3652
63.9086 73.9086
49.2798 59.2798
73.8137 83.8137
71.0525 81.0525
89.6322 99.6322
80.8745 90.8745
29.6312 39.6312
63.6927 73.6927
40.8309 50.8309
70.7938 80.7938
26.1038 36.1038
87.7384 97.7384
10.1464 20.1464
18.9177 28.9177
23.4671 33.4671
10.9816 20.9816
0.109948 10.1099
12.2383 22.2383
42.1103 52.1103
89.078 99.078
58.3139 68.3139
10.7164 20.7164
41.5118 51.5118
40.6536 50.6536
1.33928 11.3393
68.2667 78.2667
17.1787 27.1787
84.1268 94.1268
47.2098 57.2098
29.5831 39.5831
38.492 48.492
70.5629 80.5629
78.8629 88.8629
70.7501 80.7501
10.0598 20.0598
36.9395 46.9395
21.0691 31.0691
39.691 49.691
59.0766 69.0766
61.8999 71.8999
69.9293 79.9293
85.1803 95.1803
18.0828 28.0828
38.5201 48.5201
14.098 24.098
0.994378 10.9944
7.94611 17.9461
63.6524 73.6524
13.2327 23.2327
51.0565 61.0565
62.7304 72.7304
29.991 39.991
20.2173 30.2173
62.6866 72.6866
29.0891 39.0891
21.5566 31.5566
40.9533 50.9533
47.2678 57.2678
64.1279 74.1279
47.6076 57.6076
35.2954 45.2954
12.6199 22.6199
28.1704 38.1704
24.1582 34.1582
42.8144 52.8144
86.6746 96.6746
19.5422 29.5422
63.8835 73.8835
37.3657 47.3657
78.6188 88.6188
84.2279 94.2279
65.7394 75.7394
74.7991 84.7991
12.3107 22.3107
14.2594 24.2594
47.3416 57.3416
61.7495 71.7495
71.65 81.65
20.994 30.994
74.9822 84.9822
81.1509 91.1509
42.1689 52.1689
15.9732 25.9732
11.3682 21.3682
14.8555 24.8555
45.0623 55.0623
81.3693 91.3693
15.2532 25.2532
50.7746 60.7746
56.4972 66.4972
21.3052 31.3052
86.07 96.07
69.117 79.117
49.4757 59.4757
68.6727 78.6727
70.3759 80.3759
4.59474 14.5947
88.2149 98.2149
44.2594 54.2594
0.404835 10.4048
77.8336 87.8336
38.4873 48.4873
66.1442 76.1442
21.0772 31.0772
10.2424 20.2424
39.8481 49.8481
68.4188 78.4188
30.4364 40.4364
21.4981 31.4981
0.412821 10.4128
16.4186 26.4186
12.649 22.649
42.5817 52.5817
80.8362 90.8362
72.4617 82.4617
16.8816 26.8816
84.343 94.343
63.831 73.831
80.5793 90.5793
46.1176 56.1176
30.3282 40.3282
11.8845 21.8845
0.632064 10.6321
58.8897 68.8897
19.8046 29.8046
70.3048 80.3048
39.2656 49.2656
24.3994 34.3994
26.9641 36.9641
84.525 94.525
25.8042 35.8042
63.2422 73.2422
81.4568 91.4568
50.3928 60.3929
84.3194 94.3194
50.1436 60.1436
0.240948 10.2409
22.1826 32.1826
40.0245 50.0245
70.1835 80.1835
22.5954 32.5954
56.443 66.443
41.2769 51.2769
23.6216 33.6216
5.72367 15.7237
23.7386 33.7386
40.5032 50.5032
0.0666794 10.0667
88.5697 98.5697
79.5269 89.5269
4.62875 14.6287
28.8979 38.8979
1.41144 11.4114
6.26081 16.2608
46.232 56.232
21.2161 31.2161
35.01 45.01
86.4976 96.4976
5.05987 15.0599
20.4185 30.4185
39.467 49.467
30.8641 40.8641
84.6607 94.6607
79.3682 89.3682
81.2569 91.2569
37.4245 47.4245
88.9563 98.9563
40.9423 50.9423
59.6071 69.6071
38.9808 48.9808
21.1258 31.1258
40.6469 50.6469
5.42377 15.4238
63.4028 73.4028
65.2685 75.2685
59.5919 69.5919
87.1414 97.1414
64.2161 74.2161
59.6586 69.6586
44.1555 54.1555
54.743 64.743
23.7318 33.7318
32.4978 42.4978
14.5989 24.5989
78.437 88.437
78.7298 88.7298
36.8149 46.8149
23.447 33.447
75.2274 85.2274
41.8748 51.8748
2.30999 12.31
73.1388 83.1388
31.1833 41.1833
45.4151 55.4151
63.5071 73.5071
22.4402 32.4402
83.8396 93.8396
62.4634 72.4634
21.827 31.827
53.4466 63.4466
11.4441 21.4441
43.9528 53.9528
53.538 63.538
65.3123 75.3123
65.8 75.8
28.8065 38.8065
83.3487 93.3487
21.3858 31.3858
51.467 61.467
53.0073 63.0073
66.5414 76.5414
64.6544 74.6544
35.1835 45.1835
9.03915 19.0392
80.2533 90.2533
23.6205 33.6205
46.2134 56.2134
75.5127 85.5127
5.51196 15.512
32.4407 42.4407
27.3875 37.3875
8.82195 18.8219
15.5796 25.5796
17.0153 27.0153
54.2371 64.2371
37.531 47.531
87.9 97.9
6.52108 16.5211
9.99441 19.9944
20.727 30.727
19.4122 29.4122
69.883 79.883
23.1242 33.1242
72.9502 82.9502
3.63978 13.6398
88.9242 98.9242
60.2011 70.2011
86.9885 96.9885
68.7545 78.7545
21.6681 31.6681
9.44016 19.4402
45.2958 55.2958
87.3225 97.3225
44.6236 54.6236
12.7794 22.7794
36.0203 46.0203
69.2441 79.2441
59.9928 69.9928
21.533 31.533
33.2005 43.2005
50.878 60.878
7.36492 17.3649
42.0225 52.0225
24.902 34.902
24.3802 34.3802
55.704 65.704
63.433 73.433
22.2802 32.2802
62.225 72.225
31.8719 41.8719
1.45156 11.4516
81.6372 91.6372
61.1993 71.1993
24.5758 34.5758
64.5874 74.5874
64.8391 74.8391
71.9444 81.9444
34.7884 44.7884
21.272 31.272
51.6989 61.6989
15.901 25.901
79.1566 89.1566
55.4392 65.4392
13.2235 23.2235
82.2247 92.2247
27.6631 37.6631
49.2437 59.2437
61.4688 71.4688
46.1004 56.1004
29.2211 39.2211
54.1137 64.1137
6.97835 16.9784
36.5861 46.5861
6.1362 16.1362
31.8803 41.8803
60.9662 70.9662
61.8402 71.8402
53.7578 63.7578
41.6908 51.6908
83.5096 93.5096
86.6297 96.6297
44.1424 54.1424
75.1469 85.1469
57.8291 67.8291
68.7182 78.7182
9.17866 19.1787
81.1126 91.1126
10.107 20.107
2.41155 12.4116
12.3846 22.3846
61.8059 71.8059
18.3125 28.3125
49.9857 59.9857
27.2451 37.2451
79.9804 89.9804
43.2104 53.2104
13.3527 23.3527
87.6686 97.6686
63.1236 73.1236
59.453 69.453
26.8897 36.8897
27.2374 37.2374
66.4314 76.4314
63.4758 73.4758
34.3736 44.3736
57.7562 67.7562
34.442 44.442
54.6582 64.6582
21.514 31.514
35.5773 45.5773
48.1678 58.1678
66.5882 76.5882
79.7197 89.7197
82.7591 92.7591
34.4172 44.4172
16.8824 26.8824
1.93779 11.9378
26.5299 36.5299
26.9894 36.9894
4.34934 14.3493
87.3589 97.3589
88.7953 98.7953
72.1063 82.1063
6.78907 16.7891
75.4849 85.4849
62.0867 72.0867
49.9995 59.9995
88.8376 98.8376
60.7553 70.7553
23.1231 33.1231
59.2906 69.2906
46.0895 56.0895
9.8049 19.8049
84.1665 94.1665
20.5653 30.5653
2.62293 12.6229
10.3671 20.3671
13.4517 23.4517
57.2811 67.2811
32.8811 42.8811
49.0291 59.0291
64.8934 74.8934
9.46923 19.4692
87.1933 97.1933
16.097 26.097
3.33091 13.3309
15.0756 25.0756
66.4792 76.4792
78.3052 88.3052
42.065 52.065
29.273 39.273
34.1086 44.1086
0.304778 10.3048
11.3793 21.3793
40.8976 50.8977
34.2341 44.2341
74.466 84.466
49.3416 59.3416
33.0717 43.0717
3.66573 13.6657
31.9091 41.9091
50.8068 60.8068
49.7552 59.7552
41.714 51.714
4.41771 14.4177
28.7649 38.7649
44.3369 54.3369
14.7848 24.7848
43.2167 53.2167
60.0625 70.0625
6.11027 16.1103
50.6902 60.6902
83.4003 93.4003
65.0239 75.0239
48.8834 58.8834
9.49724 19.4972
68.3549 78.3549
63.959 73.959
75.9764 85.9764
15.1045 25.1045
64.4685 74.4685
16.2494 26.2494
7.65754 17.6575
64.7732 74.7732
76.0731 86.0731
49.5552 59.5552
9.00739 19.0074
18.9835 28.9835
57.3412 67.3412
1.52358 11.5236
71.0937 81.0937
89.2503 99.2503
10.7748 20.7748
31.8489 41.8489
89.4087 99.4087
15.1925 25.1925
19.0583 29.0583
43.7456 53.7456
79.4218 89.4218
62.2749 72.2749
63.2525 73.2525
85.532 95.532
23.9651 33.9651
56.6528 66.6528
60.556 70.556
31.293 41.293
25.5945 35.5945
87.3553 97.3553
5.25198 15.252
60.0154 70.0154
60.9043 70.9043
69.7204 79.7204
34.7092 44.7092
69.5618 79.5618
3.93814 13.9381
21.7823 31.7823
77.5614 87.5614
12.9455 22.9455
40.7659 50.7659
44.9026 54.9026
62.9136 72.9136
22.8596 32.8596
3.5973 13.5973
74.6884 84.6884
13.153 23.153
3.00599 13.006
48.3254 58.3254
32.2112 42.2112
6.19602 16.196
37.7472 47.7472
53.9306 63.9306
69.4485 79.4485
34.2792 44.2792
36.3401 46.3401
84.5457 94.5458
53.2796 63.2796
67.6331 77.6331
20.1402 30.1402
10.0794 20.0794
72.8851 82.8851
39.6 49.6
70.9836 80.9836
11.05 21.05
74.3092 84.3092
50.5454 60.5454
14.9881 24.9881
6.09154 16.0915
86.5513 96.5513
77.3781 87.3781
6.30185 16.3019
42.4539 52.4539
50.2916 60.2916
77.6059 87.6059
4.49562 14.4956
83.4245 93.4245
49.2033 59.2033
7.50161 17.5016
42.7499 52.7499
81.4145 91.4145
62.1421 72.1421
80.497 90.497
45.3451 55.3451
0.0350392 10.035
73.2207 83.2207
40.1297 50.1297
85.5808 95.5808
37.5003 47.5003
17.7628 27.7628
64.1655 74.1655
47.5797 57.5797
49.0923 59.0923
13.7655 23.7655
77.0077 87.0077
61.1422 71.1422
89.0747 99.0747
38.5531 48.5531
34.5748 44.5748
53.6107 63.6107
35.1044 45.1044
70.3973 80.3973
18.357 28.357
36.0027 46.0027
80.1334 90.1334
5.96286 15.9629
88.9428 98.9428
73.5579 83.5579
55.1661 65.1661
55.8888 65.8888
26.3077 36.3077
6.02508 16.0251
28.0309 38.0309
66.2492 76.2492
9.81462 19.8146
29.0659 39.0659
49.4699 59.4699
50.9443 60.9443
73.0912 83.0912
45.4146 55.4146
68.7071 78.7071
47.2566 57.2566
51.4387 61.4387
28.7994 38.7994
62.0221 72.0221
39.4464 49.4464
48.3861 58.3861
19.5412 29.5412
36.444 46.444
82.9608 92.9608
31.5964 41.5964
71.5484 81.5484
64.3582 74.3582
50.9533 60.9533
66.9956 76.9956
54.4916 64.4916
15.3606 25.3606
24.3828 34.3828
86.4939 96.4939
29.9712 39.9712
80.2716 90.2716
72.2461 82.2461
84.4407 94.4407
19.3025 29.3025
48.4953 58.4953
4.25537 14.2554
6.81287 16.8129
56.4096 66.4096
13.6441 23.6441
79.904 89.904
61.2687 71.2687
83.3512 93.3512
37.1607 47.1607
71.1518 81.1518
70.595 80.595
57.6272 67.6272
20.5983 30.5983
77.4255 87.4255
35.6129 45.6129
57.0423 67.0423
70.3863 80.3863
68.2093 78.2093
88.0351 98.0351
3.18893 13.1889
77.607 87.607
23.4752 33.4752
16.1249 26.1249
51.4121 61.4121
47.8579 57.8579
62.0633 72.0633
81.3834 91.3834
39.1295 49.1295
44.3093 54.3093
34.2685 44.2685
16.8765 26.8765
51.249 61.249
39.5239 49.5239
72.1338 82.1338
66.1031 76.1031
53.168 63.168
62.0378 72.0378
85.8162 95.8162
4.96366 14.9637
57.6429 67.6429
67.968 77.968
34.0031 44.0031
74.7145 84.7145
88.5663 98.5663
21.4286 31.4286
20.3274 30.3274
15.053 25.053
51.2593 61.2593
46.9811 56.9811
13.0882 23.0882
12.8927 22.8927
83.0326 93.0326
85.0078 95.0078
78.4621 88.4621
45.4447 55.4447
42.8657 52.8657
50.5254 60.5254
85.2725 95.2725
40.4397 50.4397
53.2791 63.2791
30.5411 40.5411
15.7606 25.7606
14.5282 24.5282
28.5094 38.5094
87.8943 97.8943
39.0757 49.0757
40.1219 50.1219
18.3766 28.3766
35.8919 45.8919
4.53001 14.53
35.4639 45.4639
62.3043 72.3043
38.5331 48.5331
20.1784 30.1784
60.8706 70.8706
19.4061 29.4061
88.9503 98.9503
34.3681 44.3681
29.1099 39.1099
5.37588 15.3759
47.4562 57.4562
42.0026 52.0026
46.8529 56.8529
0.908416 10.9084
78.9092 88.9092
50.7421 60.7421
3.21854 13.2185
39.4345 49.4345
5.4591 15.4591
43.6582 53.6582
51.1581 61.1581
84.4446 94.4446
18.8632 28.8632
24.1307 34.1307
22.9541 32.9541
65.2019 75.2019
64.2064 74.2064
21.5204 31.5204
84.5785 94.5785
58.5427 68.5427
26.0504 36.0504
78.4868 88.4868
30.847 40.847
24.028 34.028
57.1097 67.1097
50.162 60.162
1.87854 11.8785
56.06 66.06
85.5301 95.5301
30.9884 40.9884
19.8804 29.8804
1.43074 11.4307
31.4355 41.4355
67.7333 77.7333
3.33916 13.3392
21.3447 31.3447
28.4754 38.4754
55.0021 65.0021
19.2237 29.2237
82.379 92.379
8.66034 18.6603
29.8262 39.8262
76.8236 86.8236
27.5235 37.5235
53.9569 63.9569
58.2221 68.2221
52.1699 62.1699
76.6077 86.6077
80.7425 90.7425
46.7484 56.7484
3.59482 13.5948
65.2374 75.2374
35.2353 45.2353
34.4418 44.4418
47.7098 57.7098
2.34501 12.345
44.0483 54.0483
49.5884 59.5884
16.8495 26.8495
88.0228 98.0228
39.0212 49.0212
86.1743 96.1743
89.4535 99.4535
29.9012 39.9012
22.3521 32.3521
51.2371 61.2371
9.69035 19.6903
9.27192 19.2719
16.2393 26.2393
77.3585 87.3585
2.65087 12.6509
74.3441 84.3441
17.1847 27.1847
79.4745 89.4745
60.3121 70.3121
72.1416 82.1416
48.6966 58.6966
22.482 32.482
17.1937 27.1937
39.4391 49.4391
27.6749 37.6749
21.7886 31.7886
63.1209 73.1209
21.3546 31.3546
14.6748 24.6748
21.8308 31.8308
72.144 82.144
17.1675 27.1675
29.8636 39.8636
48.438 58.438
15.1903 25.1903
69.8848 79.8848
44.6123 54.6123
64.0883 74.0883
58.2305 68.2305
66.9644 76.9644
73.7699 83.7699
67.9208 77.9208
76.2363 86.2363
49.4536 59.4536
55.2793 65.2793
78.8872 88.8872
33.7977 43.7977
73.4639 83.4639
27.8061 37.8061
52.5542 62.5542
14.05 24.05
76.5026 86.5026
34.4806 44.4806
31.2437 41.2437
74.3862 84.3862
62.1555 72.1555
11.4767 21.4767
47.5071 57.5071
84.5101 94.5101
27.1515 37.1515
27.7823 37.7823
25.0985 35.0985
44.319 54.319
58.6459 68.6459
73.5365 83.5365
18.9538 28.9538
86.9751 96.9751
28.1488 38.1488
83.0421 93.0421
55.2056 65.2056
53.5576 63.5576
66.812 76.812
33.1264 43.1264
89.2384 99.2384
26.2656 36.2656
46.8501 56.8501
78.1255 88.1255
18.5078 28.5078
30.314 40.314
64.376 74.376
30.5064 40.5064
2.80845 12.8084
50.8786 60.8786
64.9871 74.9871
83.4966 93.4966
83.7092 93.7092
37.1426 47.1426
4.97326 14.9733
0.660778 10.6608
80.0971 90.0971
80.5692 90.5692
28.4431 38.4431
64.6401 74.6401
84.3326 94.3326
45.5334 55.5334
48.1766 58.1766
13.2864 23.2864
0.952929 10.9529
35.7699 45.7699
54.7729 64.7729
56.1585 66.1585
89.3275 99.3275
80.0294 90.0294
47.7293 57.7293
47.0103 57.0103
65.7395 75.7395
54.0239 64.0239
36.1358 46.1358
84.2472 94.2472
84.3379 94.3379
10.5119 20.5119
73.1981 83.1981
46.5908 56.5908
20.8349 30.8349
48.1852 58.1852
40.0874 50.0874
62.9886 72.9886
44.7722 54.7722
3.50508 13.5051
63.6494 73.6494
83.3137 93.3137
43.5187 53.5187
51.5369 61.5369
57.9538 67.9538
86.2958 96.2958
55.5147 65.5147
17.1304 27.1304
58.0267 68.0267
57.4677 67.4677
11.3447 21.3447
22.7996 32.7996
72.0706 82.0706
59.1167 69.1167
12.829 22.829
79.2444 89.2444
17.127 27.127
37.0129 47.0129
43.2682 53.2682
11.7073 21.7073
32.2601 42.2601
86.0506 96.0506
70.6636 80.6636
15.4582 25.4582
42.6414 52.6414
1.49851 11.4985
23.0879 33.0879
41.1732 51.1732
23.9316 33.9316
67.8601 77.8601
4.12273 14.1227
46.0254 56.0254
61.1738 71.1738
47.6414 57.6414
7.56237 17.5624
30.1276 40.1276
43.9372 53.9372
22.5216 32.5216
5.70238 15.7024
11.9639 21.9639
79.9892 89.9892
65.4915 75.4915
83.208 93.208
20.5043 30.5043
34.6082 44.6082
54.4814 64.4814
9.74869 19.7487
51.7351 61.7351
2.49428 12.4943
11.4614 21.4614
63.4424 73.4424
83.1988 93.1988
8.51198 18.512
3.55041 13.5504
57.1015 67.1015
9.59781 19.5978
53.4934 63.4934
80.1894 90.1894
51.771 61.771
77.425 87.425
58.0495 68.0495
14.3382 24.3382
34.4504 44.4504
78.6678 88.6678
61.9796 71.9796
0.457208 10.4572
67.2398 77.2398
64.3613 74.3613
22.9788 32.9788
31.3866 41.3866
34.7697 44.7697
61.4124 71.4124
6.87811 16.8781
27.9776 37.9776
82.9167 92.9167
41.4863 51.4863
82.459 92.459
51.1099 61.1099
52.6659 62.6659
43.3977 53.3977
63.5713 73.5713
74.5527 84.5527
36.5966 46.5966
72.0832 82.0832
78.1031 88.1031
4.69811 14.6981
40.1255 50.1255
42.5965 52.5965
84.8875 94.8875
1.8965 11.8965
78.4659 88.4659
12.3815 22.3815
16.2347 26.2347
22.9163 32.9163
1.04925 11.0493
36.6588 46.6588
24.3735 34.3735
26.7335 36.7335
59.4645 69.4645
47.3523 57.3523
58.1201 68.1201
4.23421 14.2342
68.2092 78.2092
64.9982 74.9982
80.6563 90.6563
61.1259 71.1259
64.9289 74.9289
32.5597 42.5597
22.2358 32.2358
27.5947 37.5947
75.9574 85.9574
44.2515 54.2515
61.5919 71.5919
23.554 33.554
74.7791 84.7791
49.695 59.695
76.6966 86.6966
25.9046 35.9046
50.736 60.736
71.5841 81.5841
76.2456 86.2456
40.2018 50.2018
42.4101 52.4101
3.48028 13.4803
21.5626 31.5626
43.4593 53.4593
88.5835 98.5835
45.9361 55.9361
28.6372 38.6372
17.4925 27.4925
52.7328 62.7328
86.7573 96.7573
70.1711 80.1711
30.9419 40.9419
20.1999 30.1999
61.8274 71.8274
50.5123 60.5123
86.1288 96.1288
52.8316 62.8316
31.1925 41.1925
72.168 82.168
87.2334 97.2334
76.444 86.444
43.7598 53.7598
69.2319 79.2319
61.2231 71.2231
4.45486 14.4549
55.9285 65.9285
45.5722 55.5722
13.6353 23.6353
86.957 96.957
32.8178 42.8178
12.2815 22.2815
39.3671 49.3671
84.7425 94.7425
34.8441 44.8441
42.2708 52.2708
83.326 93.326
39.2246 49.2246
70.9081 80.9081
59.2629 69.2629
1.95743 11.9574
27.1098 37.1098
40.434 50.434
81.3438 91.3438
47.3097 57.3097
12.2614 22.2614
0.300553 10.3006
43.4384 53.4384
23.5375 33.5375
32.4931 42.4931
26.6064 36.6064
20.7709 30.7709
67.3815 77.3815
70.3663 80.3663
49.4472 59.4472
87.049 97.049
33.2656 43.2656
15.3757 25.3757
43.6212 53.6212
6.34526 16.3453
12.3327 22.3327
76.439 86.439
18.6268 28.6268
11.1443 21.1443
71.1815 81.1815
53.4709 63.4709
53.4151 63.4151
22.9519 32.9519
3.69557 13.6956
82.7676 92.7676
83.2148 93.2148
54.0975 64.0975
19.8774 29.8774
33.6489 43.6489
46.4413 56.4413
68.1871 78.1871
4.35475 14.3548
5.18627 15.1863
21.6255 31.6255
76.3367 86.3367
37.6793 47.6793
6.67638 16.6764
7.10754 17.1075
15.0608 25.0608
78.0426 88.0426
56.5548 66.5548
13.1098 23.1098
69.7526 79.7526
31.3749 41.3749
56.7311 66.7311
76.0979 86.0979
2.15212 12.1521
1.6145 11.6145
5.7247 15.7247
13.2964 23.2964
72.796 82.796
17.6401 27.6401
25.1559 35.1559
54.1923 64.1923
21.3356 31.3356
18.9236 28.9236
47.4071 57.4071
76.4331 86.4331
87.2454 97.2454
39.5004 49.5004
81.3188 91.3188
65.4325 75.4325
2.29963 12.2996
86.5051 96.5051
46.5025 56.5025
78.6363 88.6363
83.6289 93.6289
53.1789 63.1789
45.1883 55.1883
57.1341 67.1341
89.6659 99.6659
60.1875 70.1875
70.244 80.244
70.4186 80.4186
50.0069 60.0069
85.4195 95.4195
14.9609 24.9609
53.159 63.159
87.034 97.034
69.1301 79.1301
24.8998 34.8998
28.2744 38.2744
87.7701 97.7701
9.50021 19.5002
83.4667 93.4667
19.1058 29.1058
28.4238 38.4238
89.3182 99.3182
53.9833 63.9833
74.1136 84.1136
88.2631 98.2631
3.74657 13.7466
50.5462 60.5462
0.562747 10.5627
49.6961 59.6961
7.04864 17.0486
38.6435 48.6435
1.76942 11.7694
60.2275 70.2275
83.8317 93.8317
58.9035 68.9035
19.3379 29.3379
54.0192 64.0192
40.1475 50.1475
89.7565 99.7565
15.0261 25.0261
84.0114 94.0114
63.1618 73.1618
26.6295 36.6295
82.0454 92.0454
43.2919 53.2919
51.5293 61.5293
68.7642 78.7642
41.062 51.062
19.474 29.474
62.2309 72.2309
18.6122 28.6122
6.34223 16.3422
20.9935 30.9935
32.04 42.04
81.4559 91.4559
19.2567 29.2567
35.7865 45.7865
42.002 52.002
68.2639 78.2639
43.9271 53.9271
7.49513 17.4951
16.9073 26.9073
45.6965 55.6965
26.1671 36.1671
59.1835 69.1835
64.0445 74.0445
45.505 55.505
72.6472 82.6472
14.192 24.192
45.2614 55.2614
46.1177 56.1177
56.6478 66.6478
19.4232 29.4232
72.7473 82.7473
7.13761 17.1376
21.1596 31.1596
82.721 92.721
76.9018 86.9018
62.2215 72.2215
13.195 23.195
7.57709 17.5771
80.8337 90.8337
19.5373 29.5373
28.5706 38.5706
22.8737 32.8737
10.9932 20.9932
6.27175 16.2717
18.1047 28.1047
11.4396 21.4396
33.98 43.98
62.0317 72.0317
18.9348 28.9348
9.33182 19.3318
67.1727 77.1727
46.1018 56.1018
69.5153 79.5153
41.2172 51.2172
1.60681 11.6068
52.1625 62.1625
13.8536 23.8536
6.31269 16.3127
8.28023 18.2802
70.5014 80.5014
74.1804 84.1804
39.4719 49.4719
78.639 88.639
5.33993 15.3399
32.193 42.193
65.5408 75.5408
26.0059 36.0059
3.83246 13.8325
31.5623 41.5623
16.8397 26.8397
24.3697 34.3697
61.133 71.133
89.1578 99.1578
83.8073 93.8073
25.8492 35.8492
17.2625 27.2625
54.6914 64.6914
59.8292 69.8292
37.7387 47.7387
73.6262 83.6262
70.161 80.161
14.9114 24.9114
78.1725 88.1725
8.1208 18.1208
14.573 24.573
39.2237 49.2237
60.2833 70.2833
28.4265 38.4265
45.5364 55.5364
27.008 37.008
58.3724 68.3724
78.1613 88.1613
66.4799 76.4799
5.45582 15.4558
83.5012 93.5012
57.1173 67.1173
29.4411 39.4411
19.5071 29.5071
61.9498 71.9498
61.0034 71.0034
84.7912 94.7912
44.764 54.764
80.5808 90.5808
83.949 93.949
87.0158 97.0158
17.4299 27.4299
11.2115 21.2115
51.7072 61.7072
35.7036 45.7036
8.3946 18.3946
84.7778 94.7778
64.309 74.309
23.306 33.306
72.9503 82.9503
72.4298 82.4298
87.3234 97.3234
22.1741 32.1741
1.15759 11.1576
74.1943 84.1943
26.1549 36.1549
76.61 86.61
1.01117 11.0112
14.3162 24.3162
11.5344 21.5344
6.46699 16.467
56.2618 66.2618
69.6517 79.6517
35.908 45.908
34.2134 44.2134
0.0459053 10.0459
56.3559 66.3559
78.449 88.449
44.8099 54.8099
46.9366 56.9366
72.398 82.398
41.8256 51.8256
22.811 32.811
43.054 53.054
52.9772 62.9772
17.959 27.959
51.4486 61.4486
47.7551 57.7551
40.7125 50.7125
33.1989 43.199
79.1498 89.1498
72.5868 82.5868
30.5223 40.5223
12.3239 22.3239
32.1888 42.1889
64.1611 74.1611
38.4788 48.4788
19.7989 29.7989
65.1723 75.1723
12.2395 22.2395
31.3332 41.3332
72.6393 82.6393
26.9457 36.9457
59.4293 69.4293
66.9917 76.9917
62.1591 72.1591
59.4753 69.4753
33.3476 43.3476
9.05253 19.0525
14.2851 24.2851
39.7287 49.7287
81.4506 91.4506
15.5552 25.5552
20.9842 30.9842
82.949 92.949
68.5324 78.5324
87.3877 97.3877
44.3975 54.3975
74.732 84.732
39.1002 49.1002
37.0409 47.0409
63.8818 73.8818
21.687 31.687
26.0077 36.0077
76.2057 86.2057
53.8759 63.8759
0.16877 10.1688
74.1289 84.1289
32.1192 42.1192
24.7855 34.7855
44.8128 54.8128
64.4524 74.4524
7.42474 17.4247
71.7585 81.7585
33.8817 43.8817
32.8609 42.8609
2.36206 12.3621
4.35698 14.357
25.653 35.653
11.4146 21.4146
67.0866 77.0866
23.8261 33.8261
52.3096 62.3096
41.0862 51.0862
44.8103 54.8103
45.2586 55.2586
19.6186 29.6186
43.1979 53.1979
49.1005 59.1005
4.35058 14.3506
40.7426 50.7426
44.5859 54.5859
27.6768 37.6768
62.4296 72.4296
70.5935 80.5935
62.3269 72.3269
74.7499 84.7499
30.2068 40.2068
46.4559 56.4559
17.869 27.869
54.9922 64.9922
49.7131 59.7131
82.3214 92.3214
20.8614 30.8614
80.9161 90.9161
74.6476 84.6476
12.1668 22.1668
83.2782 93.2782
37.449 47.449
37.8198 47.8198
54.1372 64.1372
63.98 73.98
20.0903 30.0903
16.4468 26.4468
15.0662 25.0662
65.9006 75.9006
20.1498 30.1498
84.1293 94.1293
67.543 77.543
27.6948 37.6948
88.4799 98.4799
18.2855 28.2856
72.2807 82.2807
74.6011 84.6011
39.1596 49.1596
12.3186 22.3186
47.9281 57.9281
23.9094 33.9094
42.5254 52.5254
52.8284 62.8284
0.222925 10.2229
55.9621 65.9621
13.5415 23.5415
82.5443 92.5443
35.2679 45.2679
4.45766 14.4577
26.6364 36.6364
47.4347 57.4347
46.1803 56.1803
22.5299 32.5299
44.6989 54.6989
58.762 68.762
86.5099 96.5099
64.7893 74.7893
33.6532 43.6532
61.0205 71.0205
89.1343 99.1343
13.2475 23.2475
55.1498 65.1498
25.1217 35.1217
40.9423 50.9423
12.0741 22.0741
43.4073 53.4073
24.223 34.223
87.6753 97.6753
41.0113 51.0113
36.5416 46.5416
45.6033 55.6033
24.3652 34.3652
37.5114 47.5114
8.43169 18.4317
24.5881 34.5881
3.47353 13.4735
70.4177 80.4177
66.5769 76.5769
87.1859 97.1859
33.3198 43.3198
51.6578 61.6578
3.0651 13.0651
38.9445 48.9445
74.1876 84.1876
47.7641 57.7641
7.70647 17.7065
30.1419 40.1419
23.5533 33.5533
0.804154 10.8042
1.16249 11.1625
71.1321 81.1321
14.0517 24.0517
56.3123 66.3123
7.25383 17.2538
54.994 64.994
68.3865 78.3865
9.10557 19.1056
37.6614 47.6614
66.0617 76.0617
51.1169 61.1169
74.203 84.203
70.1095 80.1095
33.9265 43.9265
70.1589 80.1589
79.5412 89.5412
58.5146 68.5146
32.0768 42.0768
18.4033 28.4033
83.536 93.536
29.2628 39.2628
52.723 62.723
45.1938 55.1938
33.3279 43.3279
1.66755 11.6675
30.3814 40.3814
39.5364 49.5364
57.8185 67.8185
18.9678 28.9678
21.5341 31.5341
58.6226 68.6226
20.1303 30.1303
3.66621 13.6662
31.1187 41.1187
76.4426 86.4426
10.92 20.92
87.1127 97.1127
13.2735 23.2735
68.4701 78.4701
34.774 44.774
80.3352 90.3352
78.0314 88.0314
68.4215 78.4215
60.4447 70.4447
21.9579 31.9579
7.02476 17.0248
8.43035 18.4303
81.4726 91.4726
40.1016 50.1016
27.8336 37.8336
33.453 43.453
69.3643 79.3643
39.0011 49.0011
79.6468 89.6468
61.1366 71.1366
89.1131 99.1131
68.4726 78.4726
11.673 21.673
56.9316 66.9316
87.4404 97.4404
33.2071 43.2071
74.9986 84.9986
66.0151 76.0151
85.3178 95.3178
16.1174 26.1174
10.9021 20.9021
54.6823 64.6823
13.2301 23.2301
24.1756 34.1756
34.1523 44.1523
7.44855 17.4485
62.9552 72.9552
22.1837 32.1837
34.3145 44.3145
82.8444 92.8444
45.1416 55.1416
41.3392 51.3392
49.7192 59.7192
85.0586 95.0586
81.4408 91.4408
77.5528 87.5528
28.5117 38.5117
20.2496 30.2496
74.9984 84.9984
66.6029 76.6029
39.8307 49.8307
74.1115 84.1115
45.0755 55.0755
51.5037 61.5037
42.0431 52.0431
0.960254 10.9603
44.1553 54.1553
75.4862 85.4862
66.9753 76.9753
87.9175 97.9175
1.60358 11.6036
77.8774 87.8774
53.5997 63.5997
64.2781 74.2781
61.4974 71.4974
87.7521 97.7521
30.1711 40.1711
34.4526 44.4526
68.3802 78.3802
64.4855 74.4855
75.7415 85.7415
23.5219 33.5219
15.8247 25.8247
36.4607 46.4607
67.025 77.025
56.71 66.71
72.458 82.458
6.53662 16.5366
35.404 45.404
58.4564 68.4564
31.5839 41.5839
75.2347 85.2347
1.01235 11.0124
77.6594 87.6594
86.1828 96.1828
1.49992 11.4999
37.0641 47.0641
88.7825 98.7825
76.9861 86.9861
15.0394 25.0394
86.7 96.7
79.5897 89.5897
51.3612 61.3612
50.2998 60.2998
12.3122 22.3122
22.8586 32.8587
6.4963 16.4963
42.4833 52.4833
16.7557 26.7557
75.8765 85.8765
16.9688 26.9688
50.9417 60.9417
57.8429 67.8429
81.238 91.238
87.4024 97.4024
35.8678 45.8678
47.948 57.948
29.3048 39.3048
0.848897 10.8489
83.352 93.352
46.2056 56.2056
32.4328 42.4328
28.0312 38.0312
47.2179 57.2179
68.5367 78.5367
24.214 34.214
8.16231 18.1623
16.6008 26.6008
22.9966 32.9966
85.1484 95.1484
80.0846 90.0846
68.1411 78.1411
33.1826 43.1826
41.4459 51.4459
77.8853 87.8853
45.4948 55.4948
23.749 33.749
84.3816 94.3816
87.9782 97.9782
88.9491 98.9491
28.7026 38.7026
14.947 24.947
49.8908 59.8908
45.9899 55.9899
55.6295 65.6295
6.73763 16.7376
40.3022 50.3022
62.0219 72.0219
84.4869 94.4869
41.1511 51.1511
56.374 66.374
40.6924 50.6924
32.0283 42.0283
42.8496 52.8496
46.3548 56.3548
60.0095 70.0095
67.0636 77.0636
54.5171 64.5171
35.0547 45.0547
48.5047 58.5047
9.11003 19.11
25.1393 35.1393
75.0902 85.0902
42.2926 52.2926
25.0296 35.0296
62.9755 72.9755
88.7875 98.7875
48.7785 58.7785
16.8015 26.8015
86.7656 96.7656
6.17213 16.1721
45.5041 55.5041
61.1571 71.1571
57.063 67.063
49.9384 59.9384
26.7865 36.7865
22.245 32.245
0.240576 10.2406
88.8085 98.8085
16.7319 26.7319
89.8361 99.8361
13.6269 23.6269
57.4243 67.4243
81.3089 91.3089
56.4765 66.4765
62.2236 72.2236
51.3183 61.3183
81.9846 91.9846
76.1852 86.1852
86.373 96.373
88.9337 98.9337
85.2952 95.2952
69.9567 79.9567
75.0239 85.0239
37.5879 47.5879
4.98634 14.9863
47.9993 57.9993
36.3753 46.3753
13.2093 23.2093
64.8008 74.8008
82.5854 92.5854
19.3815 29.3815
69.7493 79.7493
53.7424 63.7424
34.8888 44.8888
78.1322 88.1322
80.529 90.529
57.1339 67.1339
79.3728 89.3728
37.7819 47.7819
73.8658 83.8658
79.2088 89.2088
52.4088 62.4088
89.7345 99.7345
70.5177 80.5177
67.3297 77.3297
21.4026 31.4026
80.2805 90.2805
18.7587 28.7587
7.58779 17.5878
35.0979 45.0979
17.6923 27.6923
2.88301 12.883
15.0547 25.0547
2.7162 12.7162
88.9153 98.9153
69.4855 79.4855
10.16 20.16
36.2906 46.2906
41.1392 51.1392
33.4052 43.4052
77.3204 87.3204
60.5207 70.5207
13.1546 23.1546
41.0629 51.0629
54.854 64.854
2.28674 12.2867
80.0363 90.0363
21.9879 31.9879
40.1039 50.1039
76.2626 86.2626
55.2981 65.2981
29.3128 39.3128
87.1158 97.1158
55.0326 65.0326
59.275 69.275
65.4455 75.4455
76.4352 86.4352
49.5554 59.5554
84.2042 94.2042
42.4674 52.4674
44.0978 54.0978
60.341 70.341
45.3504 55.3504
17.597 27.597
22.5016 32.5016
3.71018 13.7102
87.0824 97.0824
32.6616 42.6616
88.4453 98.4453
86.6661 96.6661
66.0668 76.0668
75.7657 85.7657
16.6312 26.6312
38.6658 48.6658
26.8286 36.8286
71.4852 81.4852
89.397 99.397
65.3094 75.3094
3.47306 13.4731
39.5009 49.5009
51.572 61.572
17.2156 27.2156
27.2582 37.2582
49.6878 59.6878
73.2482 83.2482
44.9776 54.9776
73.5778 83.5778
18.1278 28.1278
53.9775 63.9775
26.2264 36.2264
61.5952 71.5952
8.07531 18.0753
86.5674 96.5674
65.3901 75.3901
25.6723 35.6723
19.0691 29.0691
69.1002 79.1002
72.1991 82.1991
10.1751 20.1751
67.5455 77.5455
68.8652 78.8652
77.2419 87.2419
53.3112 63.3112
85.4965 95.4965
74.3522 84.3522
38.5842 48.5842
25.4261 35.4261
73.7492 83.7492
62.338 72.338
78.3436 88.3436
71.6945 81.6945
24.91 34.91
5.55917 15.5592
8.95272 18.9527
33.0423 43.0423
37.2518 47.2518
13.3748 23.3748
16.6201 26.6201
56.3796 66.3796
67.3522 77.3522
42.8466 52.8466
27.9748 37.9748
75.4275 85.4275
39.414 49.414
51.8093 61.8093
59.5443 69.5443
17.9275 27.9275
31.9095 41.9095
0.187842 10.1878
28.1026 38.1026
57.8995 67.8995
28.4975 38.4975
15.3445 25.3445
70.6551 80.6551
72.4384 82.4384
48.1411 58.1411
67.6838 77.6838
8.86453 18.8645
31.8903 41.8903
41.0218 51.0218
87.2081 97.2081
13.5848 23.5848
65.9319 75.9319
51.2117 61.2117
71.982 81.982
8.97417 18.9742
89.4635 99.4635
85.3568 95.3568
74.0387 84.0387
55.8431 65.8431
21.1534 31.1534
26.8853 36.8853
42.2623 52.2623
55.0254 65.0254
66.2993 76.2993
4.07153 14.0715
24.5697 34.5697
42.6712 52.6712
84.4255 94.4255
74.202 84.202
71.7738 81.7738
11.7694 21.7694
12.6995 22.6995
45.5628 55.5628
82.4245 92.4245
85.1379 95.1379
4.70393 14.7039
60.1083 70.1083
4.00243 14.0024
85.0387 95.0387
59.5746 69.5746
49.655 59.655
9.62349 19.6235
35.5064 45.5064
60.3112 70.3112
40.0499 50.0499
2.92503 12.925
59.7747 69.7747
35.4067 45.4067
76.9638 86.9638
74.0622 84.0622
15.0046 25.0046
62.2935 72.2935
26.3245 36.3245
70.03 80.03
88.0373 98.0373
78.8405 88.8405
4.59965 14.5996
40.7085 50.7085
32.7104 42.7104
78.8016 88.8016
22.4823 32.4823
44.4798 54.4798
1.5011 11.5011
27.4896 37.4896
85.3487 95.3487
46.0834 56.0834
32.1935 42.1935
13.9015 23.9015
8.53033 18.5303
27.2322 37.2322
74.476 84.476
59.1853 69.1853
85.3001 95.3001
68.4269 78.4269
29.4965 39.4965
35.35 45.35
30.7963 40.7963
47.7157 57.7157
29.2012 39.2012
66.2046 76.2046
31.7779 41.7779
44.2057 54.2057
39.4981 49.4981
16.5468 26.5468
24.2357 34.2357
37.5353 47.5353
53.8317 63.8317
78.2798 88.2798
78.2438 88.2438
86.5421 96.5421
25.5258 35.5258
60.1706 70.1706
89.4664 99.4664
76.4714 86.4714
87.6602 97.6602
43.2595 53.2595
32.5548 42.5548
29.8537 39.8537
58.161 68.161
41.0852 51.0852
15.5303 25.5303
42.637 52.637
58.7149 68.7149
11.8304 21.8304
69.5083 79.5083
46.6559 56.6559
5.62493 15.6249
10.3047 20.3047
4.37159 14.3716
84.2705 94.2705
77.5092 87.5092
84.5939 94.5939
38.4763 48.4763
27.0073 37.0073
59.5852 69.5852
22.1564 32.1564
64.5426 74.5426
24.417 34.417
10.4362 20.4362
11.2309 21.2309
69.4036 79.4036
35.962 45.962
71.4015 81.4015
28.3144 38.3144
22.4334 32.4334
69.0617 79.0617
71.5739 81.5739
13.4327 23.4327
57.3599 67.3599
88.1794 98.1794
55.5178 65.5178
73.8902 83.8902
40.8164 50.8164
72.6772 82.6772
44.1651 54.1651
21.3247 31.3247
30.3331 40.3331
49.79 59.79
80.0738 90.0738
83.1492 93.1492
44.0605 54.0605
67.583 77.583
37.1876 47.1876
41.9812 51.9812
53.0348 63.0348
55.2172 65.2172
64.1376 74.1376
76.0218 86.0218
38.0787 48.0787
33.0183 43.0183
88.2528 98.2528
18.4822 28.4822
27.4247 37.4247
69.6543 79.6543
5.24105 15.2411
9.30257 19.3026
49.716 59.716
35.2594 45.2594
22.7352 32.7352
17.0758 27.0758
34.4388 44.4388
36.6975 46.6975
49.4105 59.4105
33.6996 43.6996
68.8192 78.8192
3.57555 13.5756
13.4687 23.4687
57.5968 67.5968
12.81 22.81
4.54248 14.5425
9.19037 19.1904
15.315 25.315
30.5699 40.5699
46.3779 56.3779
57.2962 67.2962
84.6047 94.6047
12.5952 22.5952
79.8783 89.8783
70.6265 80.6265
50.6738 60.6738
71.341 81.341
68.8793 78.8793
27.6005 37.6005
9.76573 19.7657
49.5336 59.5336
81.286 91.286
19.0683 29.0683
57.694 67.694
27.5454 37.5454
0.247987 10.248
74.7699 84.7699
20.4286 30.4286
86.39 96.39
35.1803 45.1803
54.1282 64.1282
65.2092 75.2092
87.2003 97.2003
68.5969 78.5969
32.8059 42.8059
10.0103 20.0103
73.1394 83.1394
41.9963 51.9963
26.3253 36.3253
62.1538 72.1538
47.8187 57.8187
42.066 52.066
56.7584 66.7584
18.8582 28.8582
32.9443 42.9443
38.385 48.385
69.5321 79.5321
14.2853 24.2853
65.7087 75.7087
56.577 66.577
72.4955 82.4955
73.6867 83.6867
6.3074 16.3074
50.0082 60.0082
41.3807 51.3807
33.8528 43.8528
51.2562 61.2562
75.595 85.595
54.2814 64.2814
6.09059 16.0906
69.2198 79.2198
67.854 77.854
71.2997 81.2997
66.4201 76.4201
46.4509 56.4509
62.5501 72.5501
77.4305 87.4305
78.0348 88.0348
62.9908 72.9908
62.2002 72.2002
50.1885 60.1885
69.2539 79.2539
14.2662 24.2662
66.3914 76.3914
88.1122 98.1122
5.65488 15.6549
63.2208 73.2208
27.0887 37.0887
69.3846 79.3846
38.9295 48.9295
42.1101 52.1101
10.3245 20.3245
23.6163 33.6163
48.4175 58.4175
61.3327 71.3327
23.4414 33.4414
83.2703 93.2703
71.0333 81.0333
9.03648 19.0365
5.99614 15.9961
77.1239 87.1239
78.2563 88.2563
32.2946 42.2946
16.8681 26.8681
55.6764 65.6764
78.7456 88.7456
37.8626 47.8626
1.55131 11.5513
25.2248 35.2248
10.8535 20.8535
22.196 32.196
76.4133 86.4133
81.1074 91.1074
84.9066 94.9066
11.2491 21.2491
37.664 47.664
50.0059 60.0059
74.4699 84.4699
64.7527 74.7527
29.3905 39.3905
23.3995 33.3995
16.8628 26.8628
39.715 49.715
5.46016 15.4602
66.2803 76.2803
59.4921 69.4921
29.9016 39.9016
17.995 27.995
40.5254 50.5254
38.9381 48.9381
72.4356 82.4356
76.0938 86.0938
76.6388 86.6388
15.7303 25.7303
2.96185 12.9619
42.3152 52.3152
52.9203 62.9203
40.8245 50.8245
2.31098 12.311
79.145 89.145
11.1224 21.1224
24.5069 34.5069
24.0028 34.0028
50.6742 60.6742
67.8579 77.8579
35.2519 45.2519
88.3382 98.3382
27.8638 37.8638
19.7218 29.7218
22.5354 32.5354
57.2543 67.2543
1.56569 11.5657
39.3982 49.3982
56.4137 66.4137
8.02585 18.0259
64.1229 74.1229
25.9058 35.9058
86.3719 96.3719
82.118 92.118
25.8757 35.8757
83.7544 93.7544
23.9981 33.9981
11.9695 21.9695
70.3932 80.3932
39.7283 49.7283
15.9313 25.9313
71.1529 81.1529
51.093 61.093
15.2002 25.2002
73.4639 83.4639
40.2381 50.2381
74.7671 84.7671
56.4153 66.4153
22.6853 32.6853
35.4413 45.4413
83.7177 93.7177
57.9371 67.9371
83.224 93.224
21.5815 31.5815
36.1034 46.1034
15.7594 25.7594
38.2802 48.2802
87.1135 97.1135
13.602 23.602
53.1384 63.1384
5.13937 15.1394
78.725 88.725
79.0442 89.0442
49.9557 59.9557
29.2874 39.2874
63.3643 73.3643
43.7102 53.7102
53.2854 63.2854
76.3338 86.3338
25.1034 35.1034
51.4582 61.4582
50.7096 60.7096
54.7008 64.7008
13.5512 23.5512
65.9098 75.9098
87.6091 97.6091
12.2338 22.2338
10.1213 20.1213
12.4688 22.4688
35.919 45.919
45.5626 55.5626
6.18646 16.1865
52.3006 62.3006
87.2311 97.2311
28.7679 38.7679
89.404 99.404
12.9905 22.9905
25.4926 35.4926
86.5175 96.5175
27.5925 37.5925
78.6309 88.6309
50.1014 60.1014
64.7619 74.7619
26.1196 36.1196
10.0571 20.0571
4.04931 14.0493
0.483876 10.4839
12.2117 22.2117
16.7792 26.7792
76.8177 86.8177
85.7595 95.7595
68.2374 78.2374
37.5272 47.5272
51.4603 61.4603
40.2331 50.2331
61.8815 71.8815
49.0694 59.0694
53.4669 63.4669
72.0028 82.0028
61.5382 71.5382
89.3859 99.3859
77.0099 87.0099
27.1691 37.1691
51.6865 61.6865
74.241 84.241
55.937 65.937
9.53501 19.535
88.2315 98.2315
81.4296 91.4296
6.05255 16.0525
74.2684 84.2684
28.5049 38.5049
14.5983 24.5983
49.0304 59.0304
54.6245 64.6245
73.0999 83.0999
11.5241 21.5241
55.1084 65.1084
86.3115 96.3115
28.3033 38.3033
41.926 51.926
82.071 92.071
55.9852 65.9852
37.8977 47.8977
1.97573 11.9757
6.21825 16.2183
59.2236 69.2236
51.0451 61.0451
59.6851 69.6851
41.2264 51.2264
72.0277 82.0277
59.071 69.071
28.2363 38.2363
9.19675 19.1968
70.202 80.202
61.9217 71.9217
23.5782 33.5782
79.737 89.737
18.5977 28.5977
63.4522 73.4522
45.234 55.234
2.8661 12.8661
1.95712 11.9571
59.8324 69.8324
10.3409 20.3409
56.5816 66.5816
2.37668 12.3767
70.3095 80.3095
71.1344 81.1344
88.6882 98.6882
9.61276 19.6128
23.0604 33.0604
39.2037 49.2037
24.0424 34.0424
20.4026 30.4026
42.1794 52.1794
30.2606 40.2606
79.6262 89.6262
51.6689 61.6689
0.945729 10.9457
79.297 89.297
82.1411 92.1411
18.4612 28.4612
18.5333 28.5333
1.33782 11.3378
47.1077 57.1077
38.8995 48.8995
73.3605 83.3605
37.8447 47.8447
57.4972 67.4972
46.8127 56.8127
83.0787 93.0787
18.8077 28.8077
7.21422 17.2142
11.3556 21.3556
29.1486 39.1486
23.2403 33.2403
13.7322 23.7322
9.45806 19.4581
4.37468 14.3747
60.8649 70.8649
67.5153 77.5153
27.4351 37.4351
59.513 69.513
1.55762 11.5576
6.28213 16.2821
60.1368 70.1368
81.2627 91.2627
85.9083 95.9083
21.8058 31.8058
82.2084 92.2084
76.2053 86.2053
63.3913 73.3913
59.1141 69.1141
53.1831 63.1831
23.1736 33.1736
17.2217 27.2217
50.527 60.527
7.53402 17.534
13.5109 23.5109
18.0242 28.0242
12.7911 22.7911
55.0341 65.0341
36.8319 46.8319
21.0053 31.0053
66.3896 76.3896
24.4249 34.4249
44.2456 54.2456
39.5663 49.5663
82.3274 92.3274
48.6203 58.6203
10.4311 20.4311
19.2871 29.2871
34.4999 44.4999
28.3886 38.3886
69.2892 79.2892
0.226443 10.2264
88.5254 98.5254
60.5519 70.5519
86.1347 96.1347
21.3312 31.3312
11.2047 21.2047
30.7845 40.7845
43.167 53.167
71.3188 81.3188
42.412 52.412
66.3405 76.3405
46.9849 56.9849
2.93904 12.939
73.8746 83.8746
60.4958 70.4958
69.4077 79.4077
87.6657 97.6657
25.5299 35.5299
64.684 74.684
67.1155 77.1155
50.3639 60.3639
89.1089 99.1089
21.3611 31.3611
89.9302 99.9302
40.8808 50.8808
28.4258 38.4258
59.8058 69.8058
60.1679 70.1679
21.3701 31.3701
88.1944 98.1944
39.4571 49.4571
21.5966 31.5966
87.7198 97.7198
59.4534 69.4534
67.1758 77.1758
67.4955 77.4955
70.6581 80.6581
56.4047 66.4047
20.6624 30.6624
51.9769 61.9769
9.81675 19.8167
87.003 97.003
57.4063 67.4063
61.2002 71.2002
30.322 40.322
27.9021 37.9021
0.0523266 10.0523
76.4321 86.4321
53.432 63.432
64.7363 74.7363
53.5476 63.5476
63.2404 73.2404
23.2896 33.2896
33.3531 43.3531
63.1705 73.1705
64.1704 74.1704
20.2234 30.2234
81.4208 91.4208
82.7828 92.7828
41.5935 51.5935
80.6151 90.6151
80.6843 90.6843
64.1901 74.1901
36.7794 46.7794
50.1377 60.1377
89.8103 99.8103
62.7193 72.7193
